#IceCubeIceTopSIBYLL-2.1(2010/06-2013/05)
3.35e7 1.019e-16 9.278e-18
3.758e7 7.309e-17 6.01e-18
4.217e7 5.283e-17 5.104e-18
4.732e7 3.701e-17 3.19e-18
5.309e7 2.601e-17 2.602e-18
5.957e7 1.914e-17 1.703e-18
6.683e7 1.348e-17 1.102e-18
7.499e7 9.928e-18 1.224e-18
8.414e7 6.823e-18 5.411e-19
9.441e7 4.87e-18 4.502e-19
1.122e8 2.898e-18 2.95e-19
1.413e8 1.446e-18 1.454e-19
1.778e8 6.889e-19 7.471e-20
2.239e8 3.103e-19 3.0130000000000004e-20
2.818e8 1.579e-19 1.5920000000000002e-20
3.548e8 6.333000000000001e-20 7.397e-21
4.467e8 3.134e-20 4.5590000000000004e-21
5.623e8 1.3360000000000001e-20 4.645e-21
7.079e8 5.976e-21 1.03e-21
8.913e8 2.4e-21 6.966e-22
1.122e9 8.199999999999999e-22 4.936999999999999e-22
2.818e6 1.706e-13 1.304e-14
3.35e6 1.048e-13 8.55e-15
3.758e6 7.559e-14 6.115e-15
4.217e6 5.43e-14 4.485e-15
4.732e6 3.872e-14 3.304e-15
5.309e6 2.748e-14 2.36e-15
5.957e6 1.939e-14 1.679e-15
6.683e6 1.37e-14 1.201e-15
7.499e6 9.607e-15 8.592e-16
8.414e6 6.702e-15 6.142e-16
2.985e7 1.41e-16 1.287e-17
2.661e7 1.984e-16 1.878e-17
2.371e7 2.789e-16 2.441e-17
2.113e7 3.906e-16 3.68e-17
1.884e7 5.511e-16 4.864e-17
1.679e7 7.785e-16 7.082e-17
1.496e7 1.107e-15 1.045e-16
1.334e7 1.582e-15 1.42e-16
1.189e7 2.258e-15 2.119e-16
1.059e7 3.244e-15 3.052e-16
9.441e6 4.681e-15 4.328e-16
#KASCADE-GrandeQGSJetII.04(2003/01-2009/03)
4.467e7 2.731e-17 4.11e-18
5.623e7 1.372e-17 2.069e-18
7.079e7 7.387e-18 1.117e-18
8.913e7 3.66e-18 5.558e-19
1.122e8 1.823e-18 2.79e-19
1.413e8 9.384e-19 1.451e-19
1.778e8 4.564e-19 7.187e-20
2.239e8 2.17e-19 3.5220000000000005e-20
2.818e8 1.083e-19 1.832e-20
3.548e8 5.666000000000001e-20 1.0100000000000001e-20
5.012e8 2.0060000000000003e-20 3.575e-21
7.943e8 5.039e-21 1.078e-21
1.259e9 9.611999999999999e-22 3.0309999999999995e-22
2.239e6 2.31e-13 3.468e-14
2.818e6 1.175e-13 1.764e-14
3.548e6 6.194e-14 9.295e-15
4.467e6 3.046e-14 4.571e-15
5.623e6 1.518e-14 2.278e-15
7.079e6 7.491e-15 1.125e-15
8.913e6 3.675e-15 5.519e-16
1.122e7 1.817e-15 2.726e-16
1.413e7 8.87e-16 1.331e-16
1.778e7 4.239e-16 6.362e-17
2.239e7 2.112e-16 3.171e-17
2.818e7 1.074e-16 1.614e-17
3.548e7 5.427e-17 8.158e-18
#NUCLEON(2015/07-2017/06)
794000.0 6.07e-12 2.817e-12
501000.0 2.29e-11 7.03e-12
316000.0 8.17e-11 1.872e-11
200000.0 2.9e-10 5.176e-11
126000.0 9.94e-10 1.502e-10
79400.0 3.32e-9 4.321e-10
50100.0 1.11e-8 1.33e-9
31600.0 3.54e-8 4.117e-9
20000.0 1.14e-7 1.294e-8
12600.0 3.45e-7 3.886e-8
7940.0 1.05e-6 1.171e-7
#PierreAugerObs.Hybrid(2004/01-2014/12)
1.122e10 1.168e-24 8.332e-26
1.413e10 6.244000000000001e-25 4.4960000000000004e-26
1.778e10 3.188e-25 2.3320000000000003e-26
2.239e10 1.59e-25 1.1910000000000001e-26
2.818e10 7.983000000000001e-26 6.197e-27
3.548e10 4.058e-26 3.315e-27
4.467e10 1.4840000000000002e-26 1.389e-27
5.623e10 5.5479999999999996e-27 6.203e-28
7.079e10 1.78e-27 2.997e-28
8.913e10 2.581e-28 8.343999999999999e-29
1.122e11 1.141e-28 7.52e-29
1.413e11 2.244e-29 3.7339999999999996e-29
3.548e8 5.524e-20 3.883e-21
4.467e8 2.619e-20 1.846e-21
5.623e8 1.2340000000000002e-20 8.740999999999998e-22
7.079e8 5.834e-21 4.1659999999999994e-22
8.913e8 2.659e-21 1.9269999999999997e-22
1.122e9 1.176e-21 8.629e-23
1.413e9 5.833e-22 4.3169999999999996e-23
1.778e9 2.8339999999999997e-22 2.1259999999999998e-23
2.239e9 1.2189999999999998e-22 9.33e-24
2.818e9 6.032e-23 4.229e-24
3.548e9 2.847e-23 1.998e-24
4.467e9 1.3719999999999998e-23 9.644e-25
5.623e9 6.918e-24 4.873e-25
7.079e9 3.856e-24 2.724e-25
8.913e9 2.121e-24 1.504e-25
#lower
1.778e11 2.159e-29 0
2.239e11 1.715e-29 0
#TAHybrid(2008/01-2015/05)
1.413e10 7.511e-25 8.257e-26
1.122e10 1.41e-24 1.504e-25
8.913e9 2.52e-24 2.633e-25
7.079e9 4.675e-24 4.831e-25
5.623e9 8.396999999999999e-24 8.626e-25
4.467e9 1.737e-23 1.77e-24
3.548e9 3.569e-23 3.627e-24
2.818e9 7.642e-23 7.745e-24
2.239e9 1.63e-22 1.652e-23
1.778e9 3.5019999999999997e-22 3.559e-23
1.413e9 6.908999999999999e-22 7.347999999999999e-23
1.122e9 1.5380000000000001e-21 1.6019999999999998e-22
1.778e10 4.1100000000000003e-25 4.6380000000000003e-26
2.239e10 2.196e-25 2.6e-26
2.818e10 1.104e-25 1.412e-26
3.548e10 5.769e-26 8.057e-27
4.467e10 2.689e-26 4.425e-27
5.623e10 1.8740000000000003e-26 3.239e-27
7.079e10 8.086e-27 1.656e-27
8.913e10 1.5149999999999999e-27 7.6050000000000005e-28
1.122e11 1.627e-27 6.4640000000000005e-28
4.467e6 3.706e-14 3.745e-15
5.623e6 1.893e-14 1.91e-15
7.079e6 8.945e-15 9.03e-16
8.913e6 4.393e-15 4.439e-16
1.122e7 2.142e-15 2.168e-16
1.413e7 1.041e-15 1.057e-16
1.778e7 4.925e-16 5.021e-17
2.239e7 2.468e-16 2.528e-17
2.818e7 1.234e-16 1.272e-17
3.548e7 6.363e-17 6.501e-18
4.467e7 3.259e-17 3.352e-18
5.623e7 1.549e-17 1.611e-18
8.913e8 3.178e-21 3.2639999999999997e-22
7.079e8 6.718e-21 6.896999999999999e-22
5.623e8 1.394e-20 1.438e-21
4.467e8 3.045e-20 3.169e-21
3.548e8 6.221e-20 6.619e-21
2.818e8 1.3e-19 1.421e-20
2.239e8 2.594e-19 2.9370000000000004e-20
1.778e8 5.804e-19 6.565e-20
1.413e8 1.102e-18 1.245e-19
1.122e8 2.088e-18 2.296e-19
8.913e7 4.138e-18 4.428e-19
7.079e7 8.292e-18 8.713e-19
#lower
1.413e11 1.6150000000000002e-28 1.615e-28
1.778e11 2.49e-28 2.489e-28
2.238721e+11 1.262000e-28 0.000000e+00
#TUNKA-133ArrayQGSJet01(2009/10-2012/04)
1.778e7 6.122e-16 6.156e-17
2.239e7 3.059e-16 3.086e-17
2.818e7 1.584e-16 1.605e-17
3.548e7 7.711e-17 7.882e-18
4.467e7 3.902e-17 4.037e-18
5.623e7 1.951e-17 2.057e-18
7.079e7 1.045e-17 1.129e-18
8.913e7 5.219e-18 5.868e-19
1.413e8 1.292e-18 1.427e-19
2.818e8 1.583e-19 2.1830000000000002e-20
5.623e8 1.573e-20 3.7030000000000004e-21
1.122e9 1.433e-21 7.307999999999999e-22
1.413e7 1.252e-15 1.256e-16
1.122e7 2.652e-15 2.657e-16
8.913e6 5.654e-15 5.661e-16
7.079e6 1.189e-14 1.19e-15
5.623e6 2.556e-14 2.628e-15
4.467e6 4.881e-14 4.972e-15
3.548e6 9.517e-14 9.632e-15
2.818e6 1.912e-13 1.927e-14
2.239e6 3.536e-13 3.554e-14
1.778e6 6.769e-13 6.792e-14
1.413e6 1.255e-12 1.257e-13
1.122e6 2.38e-12 2.383e-13
891300.0 4.37e-12 4.375e-13
#IceTop2020(2016/05-2017/04)
316227.7660168379 6.672405862955281e-11 4.601e-12
501187.2336272715 1.9533618063545363e-11 1.469e-12
794328.2347242822 6.055431230729939e-12 3.678e-13
1.258925411794166e6 1.7951818104768774e-12 1.109e-13
1.9952623149688828e6 5.006860463936441e-13 2.701e-14
3.1622776601683795e6 1.3882398928139183e-13 5.684e-15
5.011872336272715e6 3.6712826595427445e-14 1.769e-15
7.943282347242822e6 9.00131669432829e-15 4.559e-16
#TibetQGSJET+HD(2000/11-2014/10)
112000.00000000001 9.300000000000001e-10 2.0e-13
141000.0 5.008000000000001e-10 1.0e-13
178000.0 2.7320000000000005e-10 1.0e-13
224000.00000000003 1.47e-10 1.0e-13
282000.0 7.934e-11 4.0e-14
355000.0 4.296e-11 3.0e-14
447000.0 2.3229999999999997e-11 2.0e-14
562000.0 1.2619999999999999e-11 1.0e-14
708000.0 6.833999999999999e-12 8.0e-15
891000.0 3.695e-12 5.0e-15
1.12e6 2.0009999999999997e-12 3.0e-15
1.41e6 1.092e-12 2.0e-15
1.78e6 5.947e-13 1.4e-15
2.24e6 3.2280000000000005e-13 9.0e-16
2.82e6 1.738e-13 6.0e-16
3.55e6 9.301e-14 4.0e-16
4.47e6 4.6920000000000004e-14 2.5e-16
5.62e6 2.384e-14 1.6e-16
7.08e6 1.1590000000000001e-14 1.0e-16
8.91e6 5.571e-15 6.1e-17
1.1200000000000002e7 2.631e-15 3.7e-17
1.41e7 1.265e-15 2.3e-17
1.78e7 6.631e-16 1.49e-17
2.2400000000000004e7 3.177e-16 9.2e-18
2.82e7 1.651e-16 5.9e-18
3.55e7 8.101000000000001e-17 3.7e-18
4.47e7 3.614e-17 2.2e-18
5.62e7 2.146e-17 1.51e-18
7.08e7 9.764e-18 9.08e-19
8.91e7 4.156e-18 5.28e-19
1.1200000000000001e8 2.694e-18 3.79e-19
1.41e8 1.242e-18 2.29e-19
1.78e8 5.309999999999999e-19 1.337e-19
#TALE2018
2.1134890398366433e6 3.033702668907771e-13 1.439e-13
2.371373705661656e6 2.2234363306707298e-13 7.986e-14
2.6607250597988144e6 1.620259323792968e-13 4.536e-14
2.9853826189179574e6 1.197793807467274e-13 2.687e-14
3.34965439157828e6 8.852232273950613e-14 1.449e-14
3.7583740428844355e6 6.400639606086375e-14 7.293e-15
4.216965034285823e6 4.548641605109097e-14 4.159e-15
4.731512589614813e6 3.1644920573103985e-14 4.376e-15
5.30884444230988e6 2.2757110393211374e-14 2.764e-15
5.956621435290109e6 1.6054022216562993e-14 1.133e-15
6.683439175686135e6 1.1087356036124152e-14 9.992e-16
7.498942093324559e6 7.797076744215521e-15 8.659e-16
8.413951416451966e6 5.424215782553962e-15 7.59e-16
9.440608762859227e6 3.756855540928423e-15 5.789e-16
1.0592537251772854e7 2.635249583632777e-15 4.245e-16
1.1885022274370262e7 1.8340437399257874e-15 3.077e-16
1.333521432163324e7 1.2962950515394621e-15 2.303e-16
1.4962356560944237e7 9.045709335321595e-16 1.79e-16
1.6788040181225657e7 6.293970360633473e-16 1.269e-16
1.8836490894897945e7 4.476737083034588e-16 8.655e-17
2.1134890398366608e7 3.2116572947374767e-16 6.033e-17
2.3713737056616552e7 2.3051747994879697e-16 4.347e-17
2.6607250597987927e7 1.6287534749007033e-16 2.997e-17
2.9853826189179692e7 1.1838878235085878e-16 2.265e-17
3.3496543915782657e7 8.181729558881422e-17 1.584e-17
3.758374042884467e7 5.931610982803264e-17 1.181e-17
4.2169650342858225e7 4.3392787402594566e-17 9.979e-18
4.7315125896147735e7 3.0917993698364607e-17 5.541e-18
5.308844442309901e7 2.2489772826183662e-17 4.828e-18
5.9566214352900855e7 1.5434194067323643e-17 3.526e-18
6.68343917568619e7 1.1110803616864925e-17 2.103e-18
7.498942093324558e7 8.050813730721319e-18 1.68e-18
8.413951416451897e7 5.488010335242756e-18 1.151e-18
9.440608762859264e7 4.15381528489234e-18 7.517e-19
1.0592537251772855e8 2.8683160378684973e-18 5.609e-19
1.1885022274370264e8 2.087200150925611e-18 3.321e-19
1.333521432163324e8 1.4721424934691807e-18 2.26e-19
1.4962356560944238e8 1.0215979321937456e-18 1.809e-19
1.6788040181225657e8 6.23901964559772e-19 1.089e-19
1.8836490894897944e8 4.340579638329994e-19 4.3440000000000005e-20
2.1134890398366606e8 3.0887838626169134e-19 3.0940000000000005e-20
2.3713737056616554e8 2.345669086791922e-19 3.031e-20
2.6607250597987926e8 1.6218519771257007e-19 2.398e-20
2.9853826189179695e8 1.0978210579265345e-19 1.8140000000000002e-20
3.349654391578266e8 7.33029753974579e-20 1.0270000000000001e-20
3.7583740428844666e8 5.3269596250770497e-20 6.713e-21
4.466835921509617e8 2.8387066893839946e-20 9.145e-21
5.623413251903491e8 1.4328456965850096e-20 3.24e-21
7.079457843841404e8 7.040320562298534e-21 1.502e-21
8.912509381337442e8 3.446591608879535e-21 9.886e-22
1.1220184543019655e9 1.6339388703585815e-21 5.335999999999999e-22
1.4125375446227498e9 7.082075249102234e-22 2.064e-22
1.7782794100389228e9 3.68281665819061e-22 1.7349999999999998e-22
#Horandel
50118.72336272725 6.95485077266222e-9 3.45e-10
63095.7344480193 3.841000000000004e-9 2.01e-10
79432.82347242821 2.0868486577813816e-9 1.108e-10
100000.0 1.131779174574263e-9 6.135e-11
125892.54117941661 6.094163538203401e-10 3.414e-11
158489.3192461114 3.3449999999999967e-10 1.93e-11
199526.2314968879 1.8096143844625448e-10 1.074e-11
251188.6431509582 9.7587888592796e-11 6.356e-12
316227.7660168379 5.1872410390835394e-11 4.463e-12
398107.1705534969 2.7720000000000057e-11 2.52e-12
501187.2336272725 1.5205709433147024e-11 1.333e-12
630957.344480193 8.364224411145372e-12 7.431e-13
794328.2347242822 4.49193378975831e-12 3.859e-13
1.0e6 2.4170000000000003e-12 2.07e-13
1.258925411794166e6 1.2765148081820951e-12 1.192e-13
1.5848931924611141e6 6.843168856604365e-13 5.597e-14
1.9952623149688789e6 3.647251069989834e-13 3.397e-14
2.5118864315095823e6 1.9509999999999957e-13 2.03e-14
3.1622776601683795e6 1.0363950623258133e-13 1.293e-14
3.9810717055349695e6 5.312626469082887e-14 7.463e-15
5.011872336272725e6 2.701206423849121e-14 4.357e-15
6.30957344480193e6 1.3680000000000011e-14 2.5e-15
7.943282347242822e6 6.9111748865893754e-15 1.198e-15
1.0e7 3.4026107623411764e-15 6.451e-16
1.2589254117941663e7 1.797840483549354e-15 4.072e-16
1.5848931924611142e7 9.13999999999999e-16 2.62e-16
1.9952623149688788e7 4.58308180030135e-16 1.873e-16
2.5118864315095823e7 2.106076921672136e-16 5.913e-17
3.162277660168379e7 1.0420717342828089e-16 2.045e-17
3.981071705534969e7 5.1400000000000106e-17 9.7e-18
5.011872336272725e7 2.592393509127507e-17 5.623e-18
6.3095734448019296e7 1.347130283231731e-17 3.004e-18
7.943282347242822e7 6.2773263174373834e-18 1.334e-18
1.0e8 3.2299999999999998e-18 5.4e-19
