#sigma_C12_B10
0 0 0 0 0 0 0 0 0 0 0 0 0 0 0 5.86841 12.4236 24.7941 30.3554 29.9199 26.7008 23.0586 19.6442 18.9892 18.3343 17.6793 17.4066 17.2672 17.2 17.2 17.2 17.2 17.6599 18.3023 18.9448 18.1946 17.3134 16.4323 15.5511 14.6699 13.7888 12.9076 12.3 12.3 12.3 12.3 12.3 12.3 12.3 12.3 12.3 12.3 12.3 12.3 12.3 12.3 12.3 12.3 12.3 12.3 12.3 12.3 12.3 12.3 12.3 12.3 12.3 12.3 12.3 12.3 12.3 12.3 12.3 12.3 12.3 12.3 12.3 12.3 12.3 12.3 12.3 12.3 12.3 12.3 12.3 12.3 12.3 12.3 12.3 12.3 12.3 12.3 12.3 12.3 12.3 12.3 12.3 12.3 12.3 12.3 12.3 12.3 12.3 12.3 12.3 12.3 12.3 12.3 12.3 12.3 12.3 
#sigma_C12_B11
0 0 0 0 0 0 0 0 0 0.343591 2.33507 4.32654 6.31802 8.30949 10.301 11.8952 11.1813 10.4675 10 10 10.5107 11.5331 13.0003 14.8415 16.6828 18.524 21.6573 25.2411 28.8249 30 30 30 30 30 30 30 30 30 30 30 30 30 30 30 30 30 30 30 30 30 30 30 30 30 30 30 30 30 30 30 30 30 30 30 30 30 30 30 30 30 30 30 30 30 30 30 30 30 30 30 30 30 30 30 30 30 30 30 30 30 30 30 30 30 30 30 30 30 30 30 30 30 30 30 30 30 30 30 30 30 30 
#sigma_N14_B10
0 0 0 0 0 0 0 0 0 0 0 0 35.7005 56.9938 60.7669 52.0549 38.0545 25.0527 16.4101 12.3631 11.3117 11.4546 11.7259 11.8161 11.7661 11.6583 11.5302 11.3926 11.2497 11.1058 10.9662 10.8366 10.7224 10.6277 10.555 10.5038 10.4715 10.4535 10.4449 10.4414 10.4403 10.4401 10.44 10.44 10.44 10.44 10.44 10.44 10.44 10.44 10.44 10.44 10.44 10.44 10.44 10.44 10.44 10.44 10.44 10.44 10.44 10.44 10.44 10.44 10.44 10.44 10.44 10.44 10.44 10.44 10.44 10.44 10.44 10.44 10.44 10.44 10.44 10.44 10.44 10.44 10.44 10.44 10.44 10.44 10.44 10.44 10.44 10.44 10.44 10.44 10.44 10.44 10.44 10.44 10.44 10.44 10.44 10.44 10.44 10.44 10.44 10.44 10.44 10.44 10.44 10.44 10.44 10.44 10.44 10.44 10.44 
#sigma_N14_B11
0 0 0 0 0 0 66.8543 100.939 116.658 115.115 100.686 79.3989 57.2764 38.9565 26.8908 21.2583 20.5422 22.5021 25.1309 27.2298 28.4565 28.9974 29.1739 29.2141 29.2197 29.22 29.22 29.22 29.22 29.22 29.22 29.22 29.22 29.22 29.22 29.22 29.22 29.22 29.22 29.22 29.22 29.22 29.22 29.22 29.22 29.22 29.22 29.22 29.22 29.22 29.22 29.22 29.22 29.22 29.22 29.22 29.22 29.22 29.22 29.22 29.22 29.22 29.22 29.22 29.22 29.22 29.22 29.22 29.22 29.22 29.22 29.22 29.22 29.22 29.22 29.22 29.22 29.22 29.22 29.22 29.22 29.22 29.22 29.22 29.22 29.22 29.22 29.22 29.22 29.22 29.22 29.22 29.22 29.22 29.22 29.22 29.22 29.22 29.22 29.22 29.22 29.22 29.22 29.22 29.22 29.22 29.22 29.22 29.22 29.22 29.22 
#sigma_N14_C12
54.5037 54.504 54.5043 54.5047 54.5052 54.5058 54.5065 54.5074 54.5084 54.5096 54.5111 54.5128 54.5148 54.5172 54.52 54.5233 54.5271 54.5315 54.5365 54.542 54.5481 54.5543 54.5603 54.5651 54.5673 54.5645 54.5527 54.5262 54.4767 54.3934 54.2649 54.0832 53.8519 53.5942 53.3486 53.145 52.9767 52.8094 52.616 52.3845 52.1068 51.7735 51.5057 51.5057 51.5057 51.5057 51.5057 51.5057 51.5057 51.5057 51.5057 51.5057 51.5057 51.5057 51.5057 51.5057 51.5057 51.5057 51.5057 51.5057 51.5057 51.5057 51.5057 51.5057 51.5057 51.5057 51.5057 51.5057 51.5057 51.5057 51.5057 51.5057 51.5057 51.5057 51.5057 51.5057 51.5057 51.5057 51.5057 51.5057 51.5057 51.5057 51.5057 51.5057 51.5057 51.5057 51.5057 51.5057 51.5057 51.5057 51.5057 51.5057 51.5057 51.5057 51.5057 51.5057 51.5057 51.5057 51.5057 51.5057 51.5057 51.5057 51.5057 51.5057 51.5057 51.5057 51.5057 51.5057 51.5057 51.5057 51.5057 
#sigma_N14_C13
8.39518 8.39522 8.39528 8.39534 8.39542 8.39551 8.39562 8.39575 8.3959 8.39609 8.39631 8.39657 8.39689 8.39725 8.39769 8.39819 8.39878 8.39946 8.40023 8.40108 8.40201 8.40298 8.4039 8.40464 8.40498 8.40454 8.40272 8.39864 8.39101 8.37819 8.35839 8.33041 8.29479 8.25508 8.21726 8.18591 8.15997 8.1342 8.10442 8.06877 8.02599 7.97465 7.93339 7.93339 7.93339 7.93339 7.93339 7.93339 7.93339 7.93339 7.93339 7.93339 7.93339 7.93339 7.93339 7.93339 7.93339 7.93339 7.93339 7.93339 7.93339 7.93339 7.93339 7.93339 7.93339 7.93339 7.93339 7.93339 7.93339 7.93339 7.93339 7.93339 7.93339 7.93339 7.93339 7.93339 7.93339 7.93339 7.93339 7.93339 7.93339 7.93339 7.93339 7.93339 7.93339 7.93339 7.93339 7.93339 7.93339 7.93339 7.93339 7.93339 7.93339 7.93339 7.93339 7.93339 7.93339 7.93339 7.93339 7.93339 7.93339 7.93339 7.93339 7.93339 7.93339 7.93339 7.93339 7.93339 7.93339 7.93339 7.93339 
#sigma_O16_B10
0 0 0 0 0 0 0 0 0 0 0 0 0 0 0 1.77452 3.67907 10.7758 18.8888 17.4573 13.9583 11.4076 10.0011 10.0563 10.1114 10.1666 10.2217 10.2769 10.332 10.3872 10.4423 10.4975 10.5526 10.6078 10.6629 10.7181 10.7732 10.8284 10.8835 10.9387 10.9938 11 11 11 11 11 11 11 11 11 11 11 11 11 11 11 11 11 11 11 11 11 11 11 11 11 11 11 11 11 11 11 11 11 11 11 11 11 11 11 11 11 11 11 11 11 11 11 11 11 11 11 11 11 11 11 11 11 11 11 11 11 11 11 11 11 11 11 11 11 11 
#sigma_O16_B11
0 0 0 0 0 0 0 0 0 0 0 0 0 0 0 0 31.2813 58.5792 72.7659 72.9095 62.4343 47.2047 33.0441 23.7025 20.0397 20.5884 22.9706 25.2714 26.6686 27.2336 27.3623 27.3594 27.3458 27.341 27.3401 27.34 27.34 27.34 27.34 27.34 27.34 27.34 27.34 27.34 27.34 27.34 27.34 27.34 27.34 27.34 27.34 27.34 27.34 27.34 27.34 27.34 27.34 27.34 27.34 27.34 27.34 27.34 27.34 27.34 27.34 27.34 27.34 27.34 27.34 27.34 27.34 27.34 27.34 27.34 27.34 27.34 27.34 27.34 27.34 27.34 27.34 27.34 27.34 27.34 27.34 27.34 27.34 27.34 27.34 27.34 27.34 27.34 27.34 27.34 27.34 27.34 27.34 27.34 27.34 27.34 27.34 27.34 27.34 27.34 27.34 27.34 27.34 27.34 27.34 27.34 27.34 
#sigma_Ne20_F19
25.2095 25.2099 25.2104 25.211 25.2117 25.2126 25.2136 25.2149 25.2163 25.2181 25.2202 25.2227 25.2257 25.2293 25.2334 25.2384 25.2442 25.2509 25.2586 25.2675 25.2774 25.2882 25.2995 25.3105 25.3197 25.3248 25.3217 25.3044 25.2643 25.1899 25.0693 24.8944 24.67 24.4224 24.1952 24.0226 23.8988 23.7883 23.6638 23.515 23.3366 23.1224 22.9503 22.9503 22.9503 22.9503 22.9503 22.9503 22.9503 22.9503 22.9503 22.9503 22.9503 22.9503 22.9503 22.9503 22.9503 22.9503 22.9503 22.9503 22.9503 22.9503 22.9503 22.9503 22.9503 22.9503 22.9503 22.9503 22.9503 22.9503 22.9503 22.9503 22.9503 22.9503 22.9503 22.9503 22.9503 22.9503 22.9503 22.9503 22.9503 22.9503 22.9503 22.9503 22.9503 22.9503 22.9503 22.9503 22.9503 22.9503 22.9503 22.9503 22.9503 22.9503 22.9503 22.9503 22.9503 22.9503 22.9503 22.9503 22.9503 22.9503 22.9503 22.9503 22.9503 22.9503 22.9503 22.9503 22.9503 22.9503 22.9503 
#sigma_Ne22_F19
21.455 21.4554 21.4558 21.4563 21.4569 21.4577 21.4585 21.4596 21.4609 21.4624 21.4642 21.4663 21.4688 21.4719 21.4754 21.4796 21.4845 21.4903 21.4969 21.5044 21.5128 21.522 21.5316 21.541 21.5489 21.5532 21.5505 21.5358 21.5016 21.4384 21.3357 21.1868 20.9959 20.7852 20.5918 20.4449 20.3395 20.2455 20.1395 20.0129 19.861 19.6788 19.5323 19.5323 19.5323 19.5323 19.5323 19.5323 19.5323 19.5323 19.5323 19.5323 19.5323 19.5323 19.5323 19.5323 19.5323 19.5323 19.5323 19.5323 19.5323 19.5323 19.5323 19.5323 19.5323 19.5323 19.5323 19.5323 19.5323 19.5323 19.5323 19.5323 19.5323 19.5323 19.5323 19.5323 19.5323 19.5323 19.5323 19.5323 19.5323 19.5323 19.5323 19.5323 19.5323 19.5323 19.5323 19.5323 19.5323 19.5323 19.5323 19.5323 19.5323 19.5323 19.5323 19.5323 19.5323 19.5323 19.5323 19.5323 19.5323 19.5323 19.5323 19.5323 19.5323 19.5323 19.5323 19.5323 19.5323 19.5323 19.5323 
#sigma_Mg24_F19
11.4891 11.4895 11.4899 11.4904 11.491 11.4917 11.4926 11.4937 11.495 11.4965 11.4984 11.5006 11.5033 11.5065 11.5104 11.5152 11.5209 11.5278 11.5361 11.5462 11.5584 11.5731 11.5909 11.6122 11.6376 11.6673 11.7011 11.7378 11.7739 11.8027 11.8119 11.7827 11.6931 11.5297 11.3087 11.0866 10.9247 10.8285 10.7549 10.6734 10.5761 10.4593 10.3654 10.3654 10.3654 10.3654 10.3654 10.3654 10.3654 10.3654 10.3654 10.3654 10.3654 10.3654 10.3654 10.3654 10.3654 10.3654 10.3654 10.3654 10.3654 10.3654 10.3654 10.3654 10.3654 10.3654 10.3654 10.3654 10.3654 10.3654 10.3654 10.3654 10.3654 10.3654 10.3654 10.3654 10.3654 10.3654 10.3654 10.3654 10.3654 10.3654 10.3654 10.3654 10.3654 10.3654 10.3654 10.3654 10.3654 10.3654 10.3654 10.3654 10.3654 10.3654 10.3654 10.3654 10.3654 10.3654 10.3654 10.3654 10.3654 10.3654 10.3654 10.3654 10.3654 10.3654 10.3654 10.3654 10.3654 10.3654 10.3654 
#sigma_Si28_F19
7.44492 7.44488 7.44483 7.44478 7.44471 7.44462 7.44452 7.44441 7.44426 7.44409 7.44389 7.44365 7.44337 7.44304 7.44264 7.44218 7.44164 7.44101 7.4403 7.43951 7.43864 7.43774 7.43688 7.43621 7.43909 7.49926 7.66074 7.93975 8.30686 8.67306 8.93822 9.08171 9.15956 9.19265 9.13587 8.97845 8.82204 8.74136 8.69001 8.63262 8.5638 8.48121 8.41483 8.41483 8.41483 8.41483 8.41483 8.41483 8.41483 8.41483 8.41483 8.41483 8.41483 8.41483 8.41483 8.41483 8.41483 8.41483 8.41483 8.41483 8.41483 8.41483 8.41483 8.41483 8.41483 8.41483 8.41483 8.41483 8.41483 8.41483 8.41483 8.41483 8.41483 8.41483 8.41483 8.41483 8.41483 8.41483 8.41483 8.41483 8.41483 8.41483 8.41483 8.41483 8.41483 8.41483 8.41483 8.41483 8.41483 8.41483 8.41483 8.41483 8.41483 8.41483 8.41483 8.41483 8.41483 8.41483 8.41483 8.41483 8.41483 8.41483 8.41483 8.41483 8.41483 8.41483 8.41483 8.41483 8.41483 8.41483 8.41483 
#sigma_Na23_F19
16.431 16.4313 16.4317 16.4322 16.4328 16.4334 16.4342 16.4352 16.4363 16.4377 16.4394 16.4414 16.4438 16.4467 16.4502 16.4543 16.4593 16.4653 16.4724 16.481 16.4911 16.5032 16.5174 16.534 16.5529 16.5739 16.5962 16.6175 16.6341 16.6388 16.6206 16.564 16.4522 16.2763 16.0501 15.8181 15.6315 15.5011 15.3921 15.2717 15.128 14.9556 14.817 14.817 14.817 14.817 14.817 14.817 14.817 14.817 14.817 14.817 14.817 14.817 14.817 14.817 14.817 14.817 14.817 14.817 14.817 14.817 14.817 14.817 14.817 14.817 14.817 14.817 14.817 14.817 14.817 14.817 14.817 14.817 14.817 14.817 14.817 14.817 14.817 14.817 14.817 14.817 14.817 14.817 14.817 14.817 14.817 14.817 14.817 14.817 14.817 14.817 14.817 14.817 14.817 14.817 14.817 14.817 14.817 14.817 14.817 14.817 14.817 14.817 14.817 14.817 14.817 14.817 14.817 14.817 14.817 
#sigma_Al27_F19
9.14798 9.14803 9.14808 9.14815 9.14823 9.14833 9.14845 9.1486 9.14878 9.149 9.14926 9.1496 9.15001 9.15052 9.15116 9.15197 9.153 9.15432 9.15603 9.15827 9.16123 9.16519 9.17052 9.1778 9.1904 9.25298 9.39501 9.60654 9.83113 9.99881 10.0942 10.1488 10.166 10.1126 9.96735 9.77506 9.6271 9.54757 9.48789 9.41999 9.33858 9.2409 9.16238 9.16238 9.16238 9.16238 9.16238 9.16238 9.16238 9.16238 9.16238 9.16238 9.16238 9.16238 9.16238 9.16238 9.16238 9.16238 9.16238 9.16238 9.16238 9.16238 9.16238 9.16238 9.16238 9.16238 9.16238 9.16238 9.16238 9.16238 9.16238 9.16238 9.16238 9.16238 9.16238 9.16238 9.16238 9.16238 9.16238 9.16238 9.16238 9.16238 9.16238 9.16238 9.16238 9.16238 9.16238 9.16238 9.16238 9.16238 9.16238 9.16238 9.16238 9.16238 9.16238 9.16238 9.16238 9.16238 9.16238 9.16238 9.16238 9.16238 9.16238 9.16238 9.16238 9.16238 9.16238 9.16238 9.16238 9.16238 9.16238 
#sigma_Al27_Mg24
27.8477 27.8486 27.8498 27.8511 27.8528 27.8548 27.8571 27.86 27.8634 27.8674 27.8722 27.878 27.8848 27.8929 27.9026 27.9139 27.9273 27.9429 27.9609 27.9817 28.0051 28.031 28.0586 28.0865 28.1119 28.13 28.1329 28.1086 28.0396 27.9032 27.6751 27.3395 26.9072 26.4328 26.007 25.7009 25.5044 25.3467 25.1741 24.9684 24.7215 24.4253 24.1872 24.1872 24.1872 24.1872 24.1872 24.1872 24.1872 24.1872 24.1872 24.1872 24.1872 24.1872 24.1872 24.1872 24.1872 24.1872 24.1872 24.1872 24.1872 24.1872 24.1872 24.1872 24.1872 24.1872 24.1872 24.1872 24.1872 24.1872 24.1872 24.1872 24.1872 24.1872 24.1872 24.1872 24.1872 24.1872 24.1872 24.1872 24.1872 24.1872 24.1872 24.1872 24.1872 24.1872 24.1872 24.1872 24.1872 24.1872 24.1872 24.1872 24.1872 24.1872 24.1872 24.1872 24.1872 24.1872 24.1872 24.1872 24.1872 24.1872 24.1872 24.1872 24.1872 24.1872 24.1872 24.1872 24.1872 24.1872 24.1872 
#sigma_Al27_Mg25
42.4438 42.4451 42.4467 42.4485 42.4508 42.4535 42.4567 42.4605 42.4651 42.4706 42.4772 42.485 42.4943 42.5053 42.5184 42.5338 42.552 42.5731 42.5977 42.6259 42.6577 42.6928 42.7303 42.7682 42.8027 42.8273 42.8313 42.7983 42.7045 42.5192 42.2094 41.7536 41.1663 40.5219 39.9434 39.5276 39.2607 39.0465 38.8121 38.5326 38.1972 37.7948 37.4713 37.4713 37.4713 37.4713 37.4713 37.4713 37.4713 37.4713 37.4713 37.4713 37.4713 37.4713 37.4713 37.4713 37.4713 37.4713 37.4713 37.4713 37.4713 37.4713 37.4713 37.4713 37.4713 37.4713 37.4713 37.4713 37.4713 37.4713 37.4713 37.4713 37.4713 37.4713 37.4713 37.4713 37.4713 37.4713 37.4713 37.4713 37.4713 37.4713 37.4713 37.4713 37.4713 37.4713 37.4713 37.4713 37.4713 37.4713 37.4713 37.4713 37.4713 37.4713 37.4713 37.4713 37.4713 37.4713 37.4713 37.4713 37.4713 37.4713 37.4713 37.4713 37.4713 37.4713 37.4713 37.4713 37.4713 37.4713 37.4713 
#sigma_Al27_Mg26
39.9012 39.9026 39.9043 39.9062 39.9086 39.9115 39.9148 39.9189 39.9238 39.9296 39.9365 39.9447 39.9545 39.9662 39.9799 39.9962 40.0153 40.0377 40.0636 40.0933 40.1268 40.1639 40.2035 40.2435 40.2799 40.3058 40.31 40.2752 40.1763 39.9808 39.654 39.1732 38.5538 37.874 37.2638 36.8253 36.5438 36.3178 36.0705 35.7757 35.422 34.9975 34.6563 34.6563 34.6563 34.6563 34.6563 34.6563 34.6563 34.6563 34.6563 34.6563 34.6563 34.6563 34.6563 34.6563 34.6563 34.6563 34.6563 34.6563 34.6563 34.6563 34.6563 34.6563 34.6563 34.6563 34.6563 34.6563 34.6563 34.6563 34.6563 34.6563 34.6563 34.6563 34.6563 34.6563 34.6563 34.6563 34.6563 34.6563 34.6563 34.6563 34.6563 34.6563 34.6563 34.6563 34.6563 34.6563 34.6563 34.6563 34.6563 34.6563 34.6563 34.6563 34.6563 34.6563 34.6563 34.6563 34.6563 34.6563 34.6563 34.6563 34.6563 34.6563 34.6563 34.6563 34.6563 34.6563 34.6563 34.6563 34.6563 
#sigma_Al27_Na23
24.6946 24.6956 24.6969 24.6983 24.7001 24.7022 24.7047 24.7077 24.7113 24.7156 24.7208 24.7269 24.7342 24.7429 24.7532 24.7654 24.7797 24.7966 24.8162 24.8388 24.8646 24.8935 24.9251 24.9582 24.9906 25.0181 25.0338 25.0268 24.9804 24.8712 24.6706 24.3512 23.9021 23.3524 22.786 22.3139 21.9945 21.7822 21.5897 21.3687 21.104 20.7863 20.531 20.531 20.531 20.531 20.531 20.531 20.531 20.531 20.531 20.531 20.531 20.531 20.531 20.531 20.531 20.531 20.531 20.531 20.531 20.531 20.531 20.531 20.531 20.531 20.531 20.531 20.531 20.531 20.531 20.531 20.531 20.531 20.531 20.531 20.531 20.531 20.531 20.531 20.531 20.531 20.531 20.531 20.531 20.531 20.531 20.531 20.531 20.531 20.531 20.531 20.531 20.531 20.531 20.531 20.531 20.531 20.531 20.531 20.531 20.531 20.531 20.531 20.531 20.531 20.531 20.531 20.531 20.531 20.531
#sigma_Al27_Ne20
12.8469 12.8474 12.848 12.8487 12.8496 12.8506 12.8518 12.8533 12.8551 12.8572 12.8598 12.8629 12.8666 12.8711 12.8765 12.8831 12.891 12.9005 12.9121 12.926 12.9429 12.9634 12.988 13.0175 13.0527 13.0938 13.1407 13.1917 13.2424 13.2834 13.2982 13.2615 13.1437 12.9267 12.6327 12.338 12.1261 12.0046 11.9152 11.8175 11.7006 11.5604 11.4477 11.4477 11.4477 11.4477 11.4477 11.4477 11.4477 11.4477 11.4477 11.4477 11.4477 11.4477 11.4477 11.4477 11.4477 11.4477 11.4477 11.4477 11.4477 11.4477 11.4477 11.4477 11.4477 11.4477 11.4477 11.4477 11.4477 11.4477 11.4477 11.4477 11.4477 11.4477 11.4477 11.4477 11.4477 11.4477 11.4477 11.4477 11.4477 11.4477 11.4477 11.4477 11.4477 11.4477 11.4477 11.4477 11.4477 11.4477 11.4477 11.4477 11.4477 11.4477 11.4477 11.4477 11.4477 11.4477 11.4477 11.4477 11.4477 11.4477 11.4477 11.4477 11.4477 11.4477 11.4477 11.4477 11.4477 11.4477 11.4477 
#sigma_Al27_Ne21
16.3118 16.3125 16.3132 16.3141 16.3152 16.3165 16.3181 16.3199 16.3222 16.3249 16.3282 16.3321 16.3368 16.3426 16.3494 16.3577 16.3678 16.3799 16.3946 16.4123 16.4338 16.4597 16.491 16.5285 16.5731 16.6253 16.6849 16.7497 16.814 16.866 16.8848 16.8383 16.6887 16.4132 16.0398 15.6657 15.3967 15.2423 15.1289 15.0047 14.8564 14.6784 14.5353 14.5353 14.5353 14.5353 14.5353 14.5353 14.5353 14.5353 14.5353 14.5353 14.5353 14.5353 14.5353 14.5353 14.5353 14.5353 14.5353 14.5353 14.5353 14.5353 14.5353 14.5353 14.5353 14.5353 14.5353 14.5353 14.5353 14.5353 14.5353 14.5353 14.5353 14.5353 14.5353 14.5353 14.5353 14.5353 14.5353 14.5353 14.5353 14.5353 14.5353 14.5353 14.5353 14.5353 14.5353 14.5353 14.5353 14.5353 14.5353 14.5353 14.5353 14.5353 14.5353 14.5353 14.5353 14.5353 14.5353 14.5353 14.5353 14.5353 14.5353 14.5353 14.5353 14.5353 14.5353 14.5353 14.5353 14.5353 14.5353 
#sigma_Al27_Ne22
14.4045 14.405 14.4057 14.4065 14.4075 14.4086 14.41 14.4116 14.4136 14.416 14.4189 14.4224 14.4266 14.4316 14.4377 14.445 14.4539 14.4646 14.4775 14.4932 14.5122 14.5351 14.5627 14.5958 14.6352 14.6813 14.7339 14.7911 14.8479 14.8939 14.9105 14.8694 14.7373 14.494 14.1643 13.8339 13.5963 13.46 13.3598 13.2502 13.1192 12.962 12.8356 12.8356 12.8356 12.8356 12.8356 12.8356 12.8356 12.8356 12.8356 12.8356 12.8356 12.8356 12.8356 12.8356 12.8356 12.8356 12.8356 12.8356 12.8356 12.8356 12.8356 12.8356 12.8356 12.8356 12.8356 12.8356 12.8356 12.8356 12.8356 12.8356 12.8356 12.8356 12.8356 12.8356 12.8356 12.8356 12.8356 12.8356 12.8356 12.8356 12.8356 12.8356 12.8356 12.8356 12.8356 12.8356 12.8356 12.8356 12.8356 12.8356 12.8356 12.8356 12.8356 12.8356 12.8356 12.8356 12.8356 12.8356 12.8356 12.8356 12.8356 12.8356 12.8356 12.8356 12.8356 12.8356 12.8356 12.8356 12.8356  
#sigma_Al27_O16
17.1852 17.1801 17.1739 17.1664 17.1574 17.1466 17.1334 17.1175 17.0983 17.0749 17.0465 17.0119 16.9698 16.9186 16.8565 16.7816 16.692 16.587 16.4681 16.3416 16.2229 16.142 16.1464 16.2932 16.6149 17.0607 17.5198 18.0007 18.6005 19.4588 20.5396 21.6034 22.3705 22.7597 22.8909 22.8214 22.5626 22.3011 22.1668 22.0724 21.9637 21.8333 21.7286 21.7286 21.7286 21.7286 21.7286 21.7286 21.7286 21.7286 21.7286 21.7286 21.7286 21.7286 21.7286 21.7286 21.7286 21.7286 21.7286 21.7286 21.7286 21.7286 21.7286 21.7286 21.7286 21.7286 21.7286 21.7286 21.7286 21.7286 21.7286 21.7286 21.7286 21.7286 21.7286 21.7286 21.7286 21.7286 21.7286 21.7286 21.7286 21.7286 21.7286 21.7286 21.7286 21.7286 21.7286 21.7286 21.7286 21.7286 21.7286 21.7286 21.7286 21.7286 21.7286 21.7286 21.7286 21.7286 21.7286 21.7286 21.7286 21.7286 21.7286 21.7286 21.7286 21.7286 21.7286 21.7286 21.7286 21.7286 21.7286 
#sigma_Al27_O17
9.16035 9.15762 9.15432 9.15035 9.14555 9.13976 9.13276 9.12429 9.11401 9.10154 9.08639 9.06796 9.04553 9.01826 8.98516 8.9452 8.89746 8.8415 8.7781 8.71067 8.64741 8.60427 8.60661 8.68487 8.85638 9.09396 9.33871 9.59504 9.91473 10.3723 10.9484 11.5154 11.9243 12.1318 12.2017 12.1646 12.0267 11.8873 11.8157 11.7654 11.7075 11.638 11.5821 11.5821 11.5821 11.5821 11.5821 11.5821 11.5821 11.5821 11.5821 11.5821 11.5821 11.5821 11.5821 11.5821 11.5821 11.5821 11.5821 11.5821 11.5821 11.5821 11.5821 11.5821 11.5821 11.5821 11.5821 11.5821 11.5821 11.5821 11.5821 11.5821 11.5821 11.5821 11.5821 11.5821 11.5821 11.5821 11.5821 11.5821 11.5821 11.5821 11.5821 11.5821 11.5821 11.5821 11.5821 11.5821 11.5821 11.5821 11.5821 11.5821 11.5821 11.5821 11.5821 11.5821 11.5821 11.5821 11.5821 11.5821 11.5821 11.5821 11.5821 11.5821 11.5821 11.5821 11.5821 11.5821 11.5821 11.5821 11.5821 
#sigma_Al27_O18
4.64953 4.64814 4.64647 4.64445 4.64202 4.63908 4.63553 4.63122 4.62601 4.61968 4.61199 4.60263 4.59125 4.57741 4.56061 4.54032 4.51609 4.48769 4.45551 4.42128 4.38918 4.36728 4.36846 4.40819 4.49524 4.61583 4.74006 4.87017 5.03243 5.26466 5.55708 5.8449 6.05242 6.15774 6.19322 6.17441 6.1044 6.03365 5.99733 5.97177 5.94237 5.9071 5.87876 5.87876 5.87876 5.87876 5.87876 5.87876 5.87876 5.87876 5.87876 5.87876 5.87876 5.87876 5.87876 5.87876 5.87876 5.87876 5.87876 5.87876 5.87876 5.87876 5.87876 5.87876 5.87876 5.87876 5.87876 5.87876 5.87876 5.87876 5.87876 5.87876 5.87876 5.87876 5.87876 5.87876 5.87876 5.87876 5.87876 5.87876 5.87876 5.87876 5.87876 5.87876 5.87876 5.87876 5.87876 5.87876 5.87876 5.87876 5.87876 5.87876 5.87876 5.87876 5.87876 5.87876 5.87876 5.87876 5.87876 5.87876 5.87876 5.87876 5.87876 5.87876 5.87876 5.87876 5.87876 5.87876 5.87876 5.87876 5.87876 
#sigma_Al27_N14
6.5135 6.51043 6.50674 6.50228 6.49691 6.49041 6.48256 6.47305 6.46152 6.44753 6.43053 6.40985 6.38467 6.35405 6.31688 6.27201 6.2184 6.15556 6.08439 6.00876 5.93799 5.89012 5.89388 5.98374 6.17926 6.44958 6.70101 6.86321 7.07436 7.47048 8.07826 8.77227 9.3311 9.62127 9.71102 9.71204 9.65832 9.59276 9.55813 9.53714 9.51371 9.48561 9.46303 9.46303 9.46303 9.46303 9.46303 9.46303 9.46303 9.46303 9.46303 9.46303 9.46303 9.46303 9.46303 9.46303 9.46303 9.46303 9.46303 9.46303 9.46303 9.46303 9.46303 9.46303 9.46303 9.46303 9.46303 9.46303 9.46303 9.46303 9.46303 9.46303 9.46303 9.46303 9.46303 9.46303 9.46303 9.46303 9.46303 9.46303 9.46303 9.46303 9.46303 9.46303 9.46303 9.46303 9.46303 9.46303 9.46303 9.46303 9.46303 9.46303 9.46303 9.46303 9.46303 9.46303 9.46303 9.46303 9.46303 9.46303 9.46303 9.46303 9.46303 9.46303 9.46303 9.46303 9.46303 9.46303 9.46303 9.46303 9.46303 
#sigma_Al27_N15
10.6059 10.6009 10.5949 10.5876 10.5789 10.5683 10.5555 10.54 10.5213 10.4985 10.4708 10.4371 10.3961 10.3463 10.2857 10.2127 10.1254 10.0231 9.90719 9.78404 9.6688 9.59086 9.59698 9.74329 10.0617 10.5018 10.9112 11.1753 11.5191 12.1641 13.1538 14.2838 15.1938 15.6663 15.8124 15.8141 15.7266 15.6198 15.5635 15.5293 15.4911 15.4454 15.4086 15.4086 15.4086 15.4086 15.4086 15.4086 15.4086 15.4086 15.4086 15.4086 15.4086 15.4086 15.4086 15.4086 15.4086 15.4086 15.4086 15.4086 15.4086 15.4086 15.4086 15.4086 15.4086 15.4086 15.4086 15.4086 15.4086 15.4086 15.4086 15.4086 15.4086 15.4086 15.4086 15.4086 15.4086 15.4086 15.4086 15.4086 15.4086 15.4086 15.4086 15.4086 15.4086 15.4086 15.4086 15.4086 15.4086 15.4086 15.4086 15.4086 15.4086 15.4086 15.4086 15.4086 15.4086 15.4086 15.4086 15.4086 15.4086 15.4086 15.4086 15.4086 15.4086 15.4086 15.4086 15.4086 15.4086 15.4086 15.4086 
#sigma_Al27_C12
13.6538 13.6473 13.6394 13.6298 13.6183 13.6044 13.5876 13.5672 13.5425 13.5125 13.4761 13.4318 13.3779 13.3122 13.2326 13.1364 13.0216 12.8869 12.7344 12.5724 12.421 12.3188 12.3275 12.5213 12.9422 13.5237 14.0645 14.3967 14.7029 15.2372 16.1406 17.3852 18.7496 19.8759 20.5162 20.7269 20.7032 20.5987 20.5343 20.5079 20.4826 20.4525 20.4282 20.4282 20.4282 20.4282 20.4282 20.4282 20.4282 20.4282 20.4282 20.4282 20.4282 20.4282 20.4282 20.4282 20.4282 20.4282 20.4282 20.4282 20.4282 20.4282 20.4282 20.4282 20.4282 20.4282 20.4282 20.4282 20.4282 20.4282 20.4282 20.4282 20.4282 20.4282 20.4282 20.4282 20.4282 20.4282 20.4282 20.4282 20.4282 20.4282 20.4282 20.4282 20.4282 20.4282 20.4282 20.4282 20.4282 20.4282 20.4282 20.4282 20.4282 20.4282 20.4282 20.4282 20.4282 20.4282 20.4282 20.4282 20.4282 20.4282 20.4282 20.4282 20.4282 20.4282 20.4282 20.4282 20.4282 20.4282 20.4282 
#sigma_Al27_C13
7.49023 7.48663 7.48229 7.47705 7.47073 7.4631 7.45387 7.4427 7.42915 7.41271 7.39273 7.36842 7.33883 7.30283 7.25914 7.2064 7.14338 7.06951 6.98587 6.897 6.8139 6.75783 6.76264 6.86896 7.09981 7.41881 7.7155 7.89776 8.06574 8.35886 8.8544 9.53719 10.2857 10.9036 11.2548 11.3704 11.3574 11.3 11.2647 11.2502 11.2364 11.2198 11.2065 11.2065 11.2065 11.2065 11.2065 11.2065 11.2065 11.2065 11.2065 11.2065 11.2065 11.2065 11.2065 11.2065 11.2065 11.2065 11.2065 11.2065 11.2065 11.2065 11.2065 11.2065 11.2065 11.2065 11.2065 11.2065 11.2065 11.2065 11.2065 11.2065 11.2065 11.2065 11.2065 11.2065 11.2065 11.2065 11.2065 11.2065 11.2065 11.2065 11.2065 11.2065 11.2065 11.2065 11.2065 11.2065 11.2065 11.2065 11.2065 11.2065 11.2065 11.2065 11.2065 11.2065 11.2065 11.2065 11.2065 11.2065 11.2065 11.2065 11.2065 11.2065 11.2065 11.2065 11.2065 11.2065 11.2065 11.2065 11.2065 
#sigma_Al27_B10
1.8851 1.88432 1.88337 1.88223 1.88086 1.8792 1.87719 1.87475 1.8718 1.86822 1.86387 1.85857 1.85212 1.84427 1.83475 1.82325 1.80951 1.7934 1.77518 1.75585 1.73782 1.7258 1.72723 1.75106 1.80238 1.87319 1.9392 1.97732 1.99403 2.04024 2.1452 2.31483 2.52424 2.71591 2.83568 2.88187 2.89177 2.89129 2.89227 2.89751 2.90458 2.91308 2.91991 2.91991 2.91991 2.91991 2.91991 2.91991 2.91991 2.91991 2.91991 2.91991 2.91991 2.91991 2.91991 2.91991 2.91991 2.91991 2.91991 2.91991 2.91991 2.91991 2.91991 2.91991 2.91991 2.91991 2.91991 2.91991 2.91991 2.91991 2.91991 2.91991 2.91991 2.91991 2.91991 2.91991 2.91991 2.91991 2.91991 2.91991 2.91991 2.91991 2.91991 2.91991 2.91991 2.91991 2.91991 2.91991 2.91991 2.91991 2.91991 2.91991 2.91991 2.91991 2.91991 2.91991 2.91991 2.91991 2.91991 2.91991 2.91991 2.91991 2.91991 2.91991 2.91991 2.91991 2.91991 2.91991 2.91991 2.91991 2.91991 
#sigma_Al27_B11
3.56601 3.56453 3.56274 3.56058 3.55798 3.55484 3.55103 3.54643 3.54085 3.53407 3.52583 3.51581 3.50361 3.48877 3.47075 3.449 3.42301 3.39255 3.35808 3.3215 3.2874 3.26465 3.26736 3.31244 3.40952 3.54347 3.66834 3.74046 3.77207 3.85948 4.05802 4.37891 4.77505 5.13763 5.36419 5.45157 5.4703 5.4694 5.47125 5.48116 5.49453 5.51061 5.52353 5.52353 5.52353 5.52353 5.52353 5.52353 5.52353 5.52353 5.52353 5.52353 5.52353 5.52353 5.52353 5.52353 5.52353 5.52353 5.52353 5.52353 5.52353 5.52353 5.52353 5.52353 5.52353 5.52353 5.52353 5.52353 5.52353 5.52353 5.52353 5.52353 5.52353 5.52353 5.52353 5.52353 5.52353 5.52353 5.52353 5.52353 5.52353 5.52353 5.52353 5.52353 5.52353 5.52353 5.52353 5.52353 5.52353 5.52353 5.52353 5.52353 5.52353 5.52353 5.52353 5.52353 5.52353 5.52353 5.52353 5.52353 5.52353 5.52353 5.52353 5.52353 5.52353 5.52353 5.52353 5.52353 5.52353 5.52353 5.52353 
#sigma_Ne20_B10
4.95181 4.94995 4.94772 4.94503 4.94178 4.93786 4.93312 4.92737 4.92041 4.91196 4.90169 4.8892 4.87399 4.85549 4.83304 4.80593 4.77355 4.73559 4.6926 4.64691 4.60417 4.57527 4.57758 4.63193 4.75013 4.91354 5.06547 5.16076 5.2645 5.44876 5.73037 6.05138 6.30851 6.43957 6.47736 6.47692 6.45633 6.43121 6.41641 6.40582 6.39372 6.37921 6.36755 6.36755 6.36755 6.36755 6.36755 6.36755 6.36755 6.36755 6.36755 6.36755 6.36755 6.36755 6.36755 6.36755 6.36755 6.36755 6.36755 6.36755 6.36755 6.36755 6.36755 6.36755 6.36755 6.36755 6.36755 6.36755 6.36755 6.36755 6.36755 6.36755 6.36755 6.36755 6.36755 6.36755 6.36755 6.36755 6.36755 6.36755 6.36755 6.36755 6.36755 6.36755 6.36755 6.36755 6.36755 6.36755 6.36755 6.36755 6.36755 6.36755 6.36755 6.36755 6.36755 6.36755 6.36755 6.36755 6.36755 6.36755 6.36755 6.36755 6.36755 6.36755 6.36755 6.36755 6.36755 6.36755 6.36755 6.36755 6.36755 
#sigma_Ne20_B11
0.00356074 0.00770715 0.0155897 0.0296381 0.0532342 0.0907674 0.147557 0.229623 0.343305 0.494773 0.689476 0.931619 1.2237 1.56623 1.95756 2.39394 2.86977 3.37792 3.91026 4.45812 5.01289 5.5665 6.11187 6.64318 7.15615 7.64809 8.11791 8.56607 8.99444 9.40628 9.80606 10.1995 10.5938 10.9973 11.4204 11.8756 12.0139 12.0139 12.0139 12.0139 12.0139 12.0139 12.0139 12.0139 12.0139 12.0139 12.0139 12.0139 12.0139 12.0139 12.0139 12.0139 12.0139 12.0139 12.0139 12.0139 12.0139 12.0139 12.0139 12.0139 12.0139 12.0139 12.0139 12.0139 12.0139 12.0139 12.0139 12.0139 12.0139 12.0139 12.0139 12.0139 12.0139 12.0139 12.0139 12.0139 12.0139 12.0139 12.0139 12.0139 12.0139 12.0139 12.0139 12.0139 12.0139 12.0139 12.0139 12.0139 12.0139 12.0139 12.0139 12.0139 12.0139 12.0139 12.0139 12.0139 12.0139 12.0139 12.0139 12.0139 12.0139 12.0139 12.0139 12.0139 12.0139 12.0139 12.0139 12.0139 12.0139 12.0139 12.0139 
#sigma_Ne22_B10
3.49913 3.49782 3.49625 3.49434 3.49205 3.48928 3.48593 3.48187 3.47695 3.47098 3.46372 3.45489 3.44414 3.43107 3.41521 3.39605 3.37317 3.34634 3.31596 3.28368 3.25348 3.23305 3.23469 3.27309 3.35662 3.47209 3.57945 3.64679 3.72009 3.8503 4.04929 4.27613 4.45783 4.55044 4.57715 4.57683 4.56228 4.54453 4.53408 4.52659 4.51804 4.50779 4.49955 4.49955 4.49955 4.49955 4.49955 4.49955 4.49955 4.49955 4.49955 4.49955 4.49955 4.49955 4.49955 4.49955 4.49955 4.49955 4.49955 4.49955 4.49955 4.49955 4.49955 4.49955 4.49955 4.49955 4.49955 4.49955 4.49955 4.49955 4.49955 4.49955 4.49955 4.49955 4.49955 4.49955 4.49955 4.49955 4.49955 4.49955 4.49955 4.49955 4.49955 4.49955 4.49955 4.49955 4.49955 4.49955 4.49955 4.49955 4.49955 4.49955 4.49955 4.49955 4.49955 4.49955 4.49955 4.49955 4.49955 4.49955 4.49955 4.49955 4.49955 4.49955 4.49955 4.49955 4.49955 4.49955 4.49955 4.49955 4.49955 
#sigma_Ne22_B11
12.3559 12.3512 12.3457 12.339 12.3309 12.3211 12.3092 12.2949 12.2775 12.2564 12.2308 12.1996 12.1617 12.1155 12.0595 11.9919 11.9111 11.8163 11.7091 11.5951 11.4884 11.4163 11.4221 11.5577 11.8527 12.2604 12.6395 12.8773 13.1361 13.5959 14.2985 15.0995 15.7411 16.0682 16.1625 16.1614 16.11 16.0473 16.0104 15.984 15.9538 15.9176 15.8885 15.8885 15.8885 15.8885 15.8885 15.8885 15.8885 15.8885 15.8885 15.8885 15.8885 15.8885 15.8885 15.8885 15.8885 15.8885 15.8885 15.8885 15.8885 15.8885 15.8885 15.8885 15.8885 15.8885 15.8885 15.8885 15.8885 15.8885 15.8885 15.8885 15.8885 15.8885 15.8885 15.8885 15.8885 15.8885 15.8885 15.8885 15.8885 15.8885 15.8885 15.8885 15.8885 15.8885 15.8885 15.8885 15.8885 15.8885 15.8885 15.8885 15.8885 15.8885 15.8885 15.8885 15.8885 15.8885 15.8885 15.8885 15.8885 15.8885 15.8885 15.8885 15.8885 15.8885 15.8885 15.8885 15.8885 15.8885 15.8885 
#sigma_Mg24_B10
0.000102881 0.000298804 0.000787015 0.00189594 0.00421009 0.00867902 0.0167179 0.030269 0.0517933 0.0841701 0.130502 0.193841 0.27688 0.381644 0.509244 0.659725 0.832019 1.02403 1.23281 1.45483 1.68627 1.9234 2.16281 2.40178 2.63848 2.87213 3.10318 3.3334 3.56602 3.80587 4.05965 4.3364 4.64813 5.01103 5.44728 5.98801 6.16154 6.16154 6.16154 6.16154 6.16154 6.16154 6.16154 6.16154 6.16154 6.16154 6.16154 6.16154 6.16154 6.16154 6.16154 6.16154 6.16154 6.16154 6.16154 6.16154 6.16154 6.16154 6.16154 6.16154 6.16154 6.16154 6.16154 6.16154 6.16154 6.16154 6.16154 6.16154 6.16154 6.16154 6.16154 6.16154 6.16154 6.16154 6.16154 6.16154 6.16154 6.16154 6.16154 6.16154 6.16154 6.16154 6.16154 6.16154 6.16154 6.16154 6.16154 6.16154 6.16154 6.16154 6.16154 6.16154 6.16154 6.16154 6.16154 6.16154 6.16154 6.16154 6.16154 6.16154 6.16154 6.16154 6.16154 6.16154 6.16154 6.16154 6.16154 6.16154 6.16154 6.16154 6.16154 
#sigma_Mg24_B11
6.82267e-05 0.000203464 0.000551439 0.00136937 0.00313892 0.00668702 0.0133222 0.0249622 0.044219 0.0744086 0.119459 0.183708 0.271606 0.387355 0.534534 0.715757 0.932422 1.18457 1.47089 1.78884 2.13492 2.50503 2.89487 3.30038 3.71819 4.14605 4.58313 5.03048 5.49127 5.97121 6.47911 7.02751 7.63385 8.32211 9.12546 10.0904 10.3991 10.3991 10.3991 10.3991 10.3991 10.3991 10.3991 10.3991 10.3991 10.3991 10.3991 10.3991 10.3991 10.3991 10.3991 10.3991 10.3991 10.3991 10.3991 10.3991 10.3991 10.3991 10.3991 10.3991 10.3991 10.3991 10.3991 10.3991 10.3991 10.3991 10.3991 10.3991 10.3991 10.3991 10.3991 10.3991 10.3991 10.3991 10.3991 10.3991 10.3991 10.3991 10.3991 10.3991 10.3991 10.3991 10.3991 10.3991 10.3991 10.3991 10.3991 10.3991 10.3991 10.3991 10.3991 10.3991 10.3991 10.3991 10.3991 10.3991 10.3991 10.3991 10.3991 10.3991 10.3991 10.3991 10.3991 10.3991 10.3991 10.3991 10.3991 10.3991 10.3991 10.3991 10.3991 
#sigma_Si28_B10
1.67408 1.67333 1.67242 1.67133 1.67002 1.66843 1.66651 1.66418 1.66136 1.65793 1.65377 1.6487 1.64253 1.63502 1.62591 1.6149 1.60175 1.58635 1.56892 1.55045 1.53327 1.52192 1.52357 1.54687 1.59673 1.66544 1.72962 1.77038 1.81337 1.89115 2.02183 2.20087 2.39607 2.55573 2.64504 2.67697 2.68755 2.69598 2.70589 2.71778 2.73205 2.74918 2.76294 2.76294 2.76294 2.76294 2.76294 2.76294 2.76294 2.76294 2.76294 2.76294 2.76294 2.76294 2.76294 2.76294 2.76294 2.76294 2.76294 2.76294 2.76294 2.76294 2.76294 2.76294 2.76294 2.76294 2.76294 2.76294 2.76294 2.76294 2.76294 2.76294 2.76294 2.76294 2.76294 2.76294 2.76294 2.76294 2.76294 2.76294 2.76294 2.76294 2.76294 2.76294 2.76294 2.76294 2.76294 2.76294 2.76294 2.76294 2.76294 2.76294 2.76294 2.76294 2.76294 2.76294 2.76294 2.76294 2.76294 2.76294 2.76294 2.76294 2.76294 2.76294 2.76294 2.76294 2.76294 2.76294 2.76294 2.76294 2.76294 
#sigma_Si28_B11
2.44389 2.4428 2.44148 2.43989 2.43797 2.43565 2.43284 2.42944 2.42532 2.42032 2.41424 2.40684 2.39783 2.38687 2.37357 2.3575 2.33831 2.31582 2.29038 2.26341 2.23834 2.22176 2.22418 2.25819 2.33097 2.43128 2.52498 2.58448 2.64723 2.76079 2.95156 3.21292 3.49789 3.73096 3.86134 3.90796 3.9234 3.93571 3.95018 3.96754 3.98837 4.01337 4.03346 4.03346 4.03346 4.03346 4.03346 4.03346 4.03346 4.03346 4.03346 4.03346 4.03346 4.03346 4.03346 4.03346 4.03346 4.03346 4.03346 4.03346 4.03346 4.03346 4.03346 4.03346 4.03346 4.03346 4.03346 4.03346 4.03346 4.03346 4.03346 4.03346 4.03346 4.03346 4.03346 4.03346 4.03346 4.03346 4.03346 4.03346 4.03346 4.03346 4.03346 4.03346 4.03346 4.03346 4.03346 4.03346 4.03346 4.03346 4.03346 4.03346 4.03346 4.03346 4.03346 4.03346 4.03346 4.03346 4.03346 4.03346 4.03346 4.03346 4.03346 4.03346 4.03346 4.03346 4.03346 4.03346 4.03346 4.03346 4.03346 
#sigma_Fe56_F19
0.0181966 0.0181269 0.0180427 0.0179411 0.0178183 0.0176697 0.0174896 0.0172711 0.0170055 0.0166822 0.016288 0.0158068 0.0152191 0.0145017 0.0136288 0.0125733 0.0113133 0.00984419 0.00820367 0.00651705 0.00507068 0.00440597 0.00537703 0.00900789 0.0158942 0.0251741 0.0341651 0.0403102 0.0440021 0.0592547 0.0997366 0.168666 0.255551 0.332607 0.370997 0.374686 0.388937 0.440065 0.486066 0.510119 0.533008 0.560338 0.582305 0.582305 0.582305 0.582305 0.582305 0.582305 0.582305 0.582305 0.582305 0.582305 0.582305 0.582305 0.582305 0.582305 0.582305 0.582305 0.582305 0.582305 0.582305 0.582305 0.582305 0.582305 0.582305 0.582305 0.582305 0.582305 0.582305 0.582305 0.582305 0.582305 0.582305 0.582305 0.582305 0.582305 0.582305 0.582305 0.582305 0.582305 0.582305 0.582305 0.582305 0.582305 0.582305 0.582305 0.582305 0.582305 0.582305 0.582305 0.582305 0.582305 0.582305 0.582305 0.582305 0.582305 0.582305 0.582305 0.582305 0.582305 0.582305 0.582305 0.582305 0.582305 0.582305 0.582305 0.582305 0.582305 0.582305 0.582305 0.582305
#sigma_Fe56_Ne22
0.127246 0.126887 0.126455 0.125932 0.125302 0.124539 0.123615 0.122495 0.121135 0.119481 0.117466 0.115008 0.112011 0.108356 0.103912 0.0985409 0.0921278 0.084638 0.076237 0.0675075 0.0598 0.055683 0.0592185 0.0752779 0.106677 0.149247 0.190105 0.216984 0.231652 0.293031 0.458217 0.741335 1.10115 1.42688 1.60289 1.63791 1.6894 1.85201 1.99964 2.08088 2.15997 2.25446 2.3304 2.3304 2.3304 2.3304 2.3304 2.3304 2.3304 2.3304 2.3304 2.3304 2.3304 2.3304 2.3304 2.3304 2.3304 2.3304 2.3304 2.3304 2.3304 2.3304 2.3304 2.3304 2.3304 2.3304 2.3304 2.3304 2.3304 2.3304 2.3304 2.3304 2.3304 2.3304 2.3304 2.3304 2.3304 2.3304 2.3304 2.3304 2.3304 2.3304 2.3304 2.3304 2.3304 2.3304 2.3304 2.3304 2.3304 2.3304 2.3304 2.3304 2.3304 2.3304 2.3304 2.3304 2.3304 2.3304 2.3304 2.3304 2.3304 2.3304 2.3304 2.3304 2.3304 2.3304 2.3304 2.3304 2.3304 2.3304 2.3304 
#sigma_Fe56_Ne21
0.272557 0.271788 0.270862 0.269743 0.268392 0.266758 0.26478 0.262381 0.259467 0.255924 0.251607 0.246344 0.239923 0.232095 0.222575 0.211071 0.197335 0.181292 0.163297 0.144599 0.12809 0.119271 0.126844 0.161243 0.228498 0.319683 0.407198 0.464772 0.496191 0.627663 0.981485 1.58792 2.35863 3.05633 3.43333 3.50836 3.61863 3.96695 4.28316 4.45717 4.62658 4.82897 4.99164 4.99164 4.99164 4.99164 4.99164 4.99164 4.99164 4.99164 4.99164 4.99164 4.99164 4.99164 4.99164 4.99164 4.99164 4.99164 4.99164 4.99164 4.99164 4.99164 4.99164 4.99164 4.99164 4.99164 4.99164 4.99164 4.99164 4.99164 4.99164 4.99164 4.99164 4.99164 4.99164 4.99164 4.99164 4.99164 4.99164 4.99164 4.99164 4.99164 4.99164 4.99164 4.99164 4.99164 4.99164 4.99164 4.99164 4.99164 4.99164 4.99164 4.99164 4.99164 4.99164 4.99164 4.99164 4.99164 4.99164 4.99164 4.99164 4.99164 4.99164 4.99164 4.99164 4.99164 4.99164 4.99164 4.99164 4.99164 4.99164 
#sigma_Fe56_Ne20
0.115455 0.115129 0.114737 0.114263 0.113691 0.112999 0.112161 0.111145 0.10991 0.108409 0.106581 0.104351 0.101631 0.0983153 0.0942829 0.0894098 0.083591 0.0767952 0.0691726 0.061252 0.0542587 0.0505232 0.0537311 0.0683024 0.0967916 0.135418 0.172489 0.196877 0.210186 0.265878 0.415757 0.672641 0.999114 1.29466 1.45436 1.48614 1.53285 1.6804 1.81435 1.88806 1.95982 2.04555 2.11446 2.11446 2.11446 2.11446 2.11446 2.11446 2.11446 2.11446 2.11446 2.11446 2.11446 2.11446 2.11446 2.11446 2.11446 2.11446 2.11446 2.11446 2.11446 2.11446 2.11446 2.11446 2.11446 2.11446 2.11446 2.11446 2.11446 2.11446 2.11446 2.11446 2.11446 2.11446 2.11446 2.11446 2.11446 2.11446 2.11446 2.11446 2.11446 2.11446 2.11446 2.11446 2.11446 2.11446 2.11446 2.11446 2.11446 2.11446 2.11446 2.11446 2.11446 2.11446 2.11446 2.11446 2.11446 2.11446 2.11446 2.11446 2.11446 2.11446 2.11446 2.11446 2.11446 2.11446 2.11446 2.11446 2.11446 2.11446 2.11446 
#sigma_Fe56_Mg24
0.257688 0.256704 0.255518 0.254088 0.252361 0.250273 0.247747 0.244687 0.240974 0.236463 0.230975 0.224292 0.216148 0.206231 0.194185 0.179634 0.162255 0.141918 0.118989 0.0948741 0.0728944 0.0594199 0.064558 0.100434 0.173994 0.27463 0.369841 0.432993 0.547494 0.807791 1.26542 1.90638 2.6143 3.18991 3.48817 3.56632 3.62734 3.77835 3.92081 4.01367 4.11012 4.22552 4.31827 4.31827 4.31827 4.31827 4.31827 4.31827 4.31827 4.31827 4.31827 4.31827 4.31827 4.31827 4.31827 4.31827 4.31827 4.31827 4.31827 4.31827 4.31827 4.31827 4.31827 4.31827 4.31827 4.31827 4.31827 4.31827 4.31827 4.31827 4.31827 4.31827 4.31827 4.31827 4.31827 4.31827 4.31827 4.31827 4.31827 4.31827 4.31827 4.31827 4.31827 4.31827 4.31827 4.31827 4.31827 4.31827 4.31827 4.31827 4.31827 4.31827 4.31827 4.31827 4.31827 4.31827 4.31827 4.31827 4.31827 4.31827 4.31827 4.31827 4.31827 4.31827 4.31827 4.31827 4.31827 4.31827 4.31827 4.31827 4.31827 
#sigma_Fe56_Mg25
0.584359 0.582128 0.579439 0.576195 0.572279 0.567545 0.561817 0.554877 0.546458 0.536228 0.523783 0.508627 0.490159 0.467671 0.440353 0.407357 0.367946 0.321827 0.269832 0.215146 0.165303 0.134746 0.146398 0.227755 0.394566 0.62278 0.838689 0.981898 1.24155 1.83183 2.86959 4.3231 5.92846 7.23376 7.91012 8.08735 8.22572 8.56818 8.89123 9.1018 9.32053 9.58221 9.79255 9.79255 9.79255 9.79255 9.79255 9.79255 9.79255 9.79255 9.79255 9.79255 9.79255 9.79255 9.79255 9.79255 9.79255 9.79255 9.79255 9.79255 9.79255 9.79255 9.79255 9.79255 9.79255 9.79255 9.79255 9.79255 9.79255 9.79255 9.79255 9.79255 9.79255 9.79255 9.79255 9.79255 9.79255 9.79255 9.79255 9.79255 9.79255 9.79255 9.79255 9.79255 9.79255 9.79255 9.79255 9.79255 9.79255 9.79255 9.79255 9.79255 9.79255 9.79255 9.79255 9.79255 9.79255 9.79255 9.79255 9.79255 9.79255 9.79255 9.79255 9.79255 9.79255 9.79255 9.79255 9.79255 9.79255 9.79255 9.79255 
#sigma_Fe56_Mg26
0.324873 0.323632 0.322137 0.320334 0.318156 0.315525 0.31234 0.308482 0.303802 0.298114 0.291196 0.282769 0.272503 0.26 0.244813 0.226469 0.204558 0.178919 0.150013 0.11961 0.0918996 0.0749119 0.0813896 0.126619 0.219358 0.346232 0.466267 0.545883 0.690238 1.0184 1.59534 2.40341 3.29591 4.02159 4.3976 4.49613 4.57306 4.76345 4.94305 5.06012 5.18172 5.3272 5.44414 5.44414 5.44414 5.44414 5.44414 5.44414 5.44414 5.44414 5.44414 5.44414 5.44414 5.44414 5.44414 5.44414 5.44414 5.44414 5.44414 5.44414 5.44414 5.44414 5.44414 5.44414 5.44414 5.44414 5.44414 5.44414 5.44414 5.44414 5.44414 5.44414 5.44414 5.44414 5.44414 5.44414 5.44414 5.44414 5.44414 5.44414 5.44414 5.44414 5.44414 5.44414 5.44414 5.44414 5.44414 5.44414 5.44414 5.44414 5.44414 5.44414 5.44414 5.44414 5.44414 5.44414 5.44414 5.44414 5.44414 5.44414 5.44414 5.44414 5.44414 5.44414 5.44414 5.44414 5.44414 5.44414 5.44414 5.44414 5.44414 
#sigma_Fe56_Na23
0.145536 0.144916 0.144169 0.143267 0.142178 0.14086 0.139266 0.137333 0.134987 0.132134 0.128662 0.124429 0.119267 0.112977 0.105332 0.0960941 0.0850626 0.0721693 0.0576793 0.0425527 0.0290311 0.0213901 0.0263995 0.0521796 0.10341 0.173092 0.239653 0.282578 0.304975 0.41118 0.703177 1.20772 1.85491 2.45369 2.80328 2.90412 2.98001 3.17295 3.35088 3.45745 3.56483 3.69322 3.79641 3.79641 3.79641 3.79641 3.79641 3.79641 3.79641 3.79641 3.79641 3.79641 3.79641 3.79641 3.79641 3.79641 3.79641 3.79641 3.79641 3.79641 3.79641 3.79641 3.79641 3.79641 3.79641 3.79641 3.79641 3.79641 3.79641 3.79641 3.79641 3.79641 3.79641 3.79641 3.79641 3.79641 3.79641 3.79641 3.79641 3.79641 3.79641 3.79641 3.79641 3.79641 3.79641 3.79641 3.79641 3.79641 3.79641 3.79641 3.79641 3.79641 3.79641 3.79641 3.79641 3.79641 3.79641 3.79641 3.79641 3.79641 3.79641 3.79641 3.79641 3.79641 3.79641 3.79641 3.79641 3.79641 3.79641 3.79641 3.79641 
#sigma_Fe56_Al26
0.000909074 0.000906849 0.000904167 0.000900934 0.000897031 0.000892315 0.000886612 0.000879706 0.000871331 0.000861162 0.0008488 0.000833755 0.000815436 0.000793145 0.000766083 0.000733406 0.000694368 0.000648634 0.000596918 0.000542143 0.000491326 0.000457995 0.000463662 0.00053414 0.000684119 0.0120914 0.0354783 0.058804 0.14031 0.23747 0.371448 0.505693 0.748786 1.04204 1.37977 1.71719 2.0938 2.3955 2.542 2.68851 2.73643 2.7365 2.73656 2.73656 2.73656 2.73656 2.73656 2.73656 2.73656 2.73656 2.73656 2.73656 2.73656 2.73656 2.73656 2.73656 2.73656 2.73656 2.73656 2.73656 2.73656 2.73656 2.73656 2.73656 2.73656 2.73656 2.73656 2.73656 2.73656 2.73656 2.73656 2.73656 2.73656 2.73656 2.73656 2.73656 2.73656 2.73656 2.73656 2.73656 2.73656 2.73656 2.73656 2.73656 2.73656 2.73656 2.73656 2.73656 2.73656 2.73656 2.73656 2.73656 2.73656 2.73656 2.73656 2.73656 2.73656 2.73656 2.73656 2.73656 2.73656 2.73656 2.73656 2.73656 2.73656 2.73656 2.73656 2.73656 2.73656 2.73656 2.73656 
#sigma_Fe56_Al27
0.557866 0.555857 0.553437 0.550517 0.546993 0.542735 0.537584 0.531345 0.523777 0.514587 0.503411 0.489807 0.473237 0.453069 0.428579 0.399005 0.363676 0.322305 0.275576 0.226213 0.180721 0.151608 0.158754 0.226005 0.366971 0.560591 0.742571 0.851813 0.892859 1.04468 1.54821 2.47253 3.70844 4.91064 5.69005 5.98725 6.09113 6.21831 6.34277 6.44161 6.55055 6.68105 6.78594 6.78594 6.78594 6.78594 6.78594 6.78594 6.78594 6.78594 6.78594 6.78594 6.78594 6.78594 6.78594 6.78594 6.78594 6.78594 6.78594 6.78594 6.78594 6.78594 6.78594 6.78594 6.78594 6.78594 6.78594 6.78594 6.78594 6.78594 6.78594 6.78594 6.78594 6.78594 6.78594 6.78594 6.78594 6.78594 6.78594 6.78594 6.78594 6.78594 6.78594 6.78594 6.78594 6.78594 6.78594 6.78594 6.78594 6.78594 6.78594 6.78594 6.78594 6.78594 6.78594 6.78594 6.78594 6.78594 6.78594 6.78594 6.78594 6.78594 6.78594 6.78594 6.78594 6.78594 6.78594 6.78594 6.78594 6.78594 6.78594 
#sigma_Fe56_Si28
0.34118 0.340345 0.339338 0.338125 0.33666 0.33489 0.33275 0.330158 0.327015 0.323198 0.318559 0.312912 0.306037 0.297671 0.287514 0.275251 0.2606 0.243435 0.224026 0.203469 0.184397 0.171888 0.174015 0.200465 0.256753 0.334269 0.406796 0.456382 0.534914 0.694804 0.965828 1.33738 1.74235 2.07299 2.25678 2.32065 2.33954 2.35332 2.36943 2.38876 2.41196 2.4398 2.46217 2.46217 2.46217 2.46217 2.46217 2.46217 2.46217 2.46217 2.46217 2.46217 2.46217 2.46217 2.46217 2.46217 2.46217 2.46217 2.46217 2.46217 2.46217 2.46217 2.46217 2.46217 2.46217 2.46217 2.46217 2.46217 2.46217 2.46217 2.46217 2.46217 2.46217 2.46217 2.46217 2.46217 2.46217 2.46217 2.46217 2.46217 2.46217 2.46217 2.46217 2.46217 2.46217 2.46217 2.46217 2.46217 2.46217 2.46217 2.46217 2.46217 2.46217 2.46217 2.46217 2.46217 2.46217 2.46217 2.46217 2.46217 2.46217 2.46217 2.46217 2.46217 2.46217 2.46217 2.46217 2.46217 2.46217 2.46217 2.46217 
#sigma_Fe56_Si29
1.01883 1.01633 1.01333 1.0097 1.00533 1.00005 0.993654 0.985914 0.976528 0.965132 0.951277 0.934415 0.913885 0.888903 0.858573 0.821951 0.7782 0.726945 0.668984 0.607596 0.550645 0.513289 0.519641 0.598628 0.766714 0.998191 1.21477 1.36284 1.59736 2.07482 2.88415 3.99367 5.20298 6.19033 6.73918 6.92991 6.9863 7.02746 7.07558 7.13331 7.20258 7.28571 7.35252 7.35252 7.35252 7.35252 7.35252 7.35252 7.35252 7.35252 7.35252 7.35252 7.35252 7.35252 7.35252 7.35252 7.35252 7.35252 7.35252 7.35252 7.35252 7.35252 7.35252 7.35252 7.35252 7.35252 7.35252 7.35252 7.35252 7.35252 7.35252 7.35252 7.35252 7.35252 7.35252 7.35252 7.35252 7.35252 7.35252 7.35252 7.35252 7.35252 7.35252 7.35252 7.35252 7.35252 7.35252 7.35252 7.35252 7.35252 7.35252 7.35252 7.35252 7.35252 7.35252 7.35252 7.35252 7.35252 7.35252 7.35252 7.35252 7.35252 7.35252 7.35252 7.35252 7.35252 7.35252 7.35252 7.35252 7.35252 7.35252 
#sigma_Fe56_Si30
0.874653 0.872512 0.869932 0.866821 0.863065 0.858529 0.853041 0.846396 0.838339 0.828555 0.816661 0.802185 0.784561 0.763113 0.737076 0.705636 0.668076 0.624074 0.574316 0.521615 0.472723 0.440653 0.446106 0.513916 0.658215 0.856936 1.04287 1.16999 1.37131 1.78121 2.47601 3.42852 4.4667 5.31433 5.78551 5.94925 5.99766 6.033 6.07431 6.12387 6.18334 6.2547 6.31206 6.31206 6.31206 6.31206 6.31206 6.31206 6.31206 6.31206 6.31206 6.31206 6.31206 6.31206 6.31206 6.31206 6.31206 6.31206 6.31206 6.31206 6.31206 6.31206 6.31206 6.31206 6.31206 6.31206 6.31206 6.31206 6.31206 6.31206 6.31206 6.31206 6.31206 6.31206 6.31206 6.31206 6.31206 6.31206 6.31206 6.31206 6.31206 6.31206 6.31206 6.31206 6.31206 6.31206 6.31206 6.31206 6.31206 6.31206 6.31206 6.31206 6.31206 6.31206 6.31206 6.31206 6.31206 6.31206 6.31206 6.31206 6.31206 6.31206 6.31206 6.31206 6.31206 6.31206 6.31206 6.31206 6.31206 6.31206 6.31206 
#sigma_Fe56_total
1168.35 1168.35 1168.35 1168.35 1168.35 1168.35 1168.35 1168.35 1168.35 1168.35 1168.35 1194.06 1261.43 1315.01 1328.6 1274.32 1179.1 1088.28 1013.45 943.963 882.479 857.207 848.692 812.236 808.741 811.609 812.902 814.76 824.948 843.486 856.492 874.557 895.62 915.678 930.374 941.108 953.377 960.54 964.689 963.32 961.678 951.79 938.835 923.948 913.702 902.582 893.293 884.844 882.137 878.887 874.988 871.593 869.024 865.942 862.243 857.804 855.034 855.034 855.034 855.034 855.049 855.074 855.105 855.141 855.185 855.238 855.301 855.377 855.468 859.471 865.159 871.986 879.942 879.942 879.942 879.942 879.942 879.942 879.942 879.942 879.942 879.942 879.942 879.942 879.942 879.942 879.942 879.942 879.942 879.942 879.942 879.942 879.942 879.942 879.942 879.942 879.942 879.942 879.942 879.942 879.942 879.942 879.942 879.942 879.942 879.942 879.942 879.942 879.942 879.942 879.942 
#sigma_Si28_total
834.894 834.894 834.894 834.894 834.894 834.894 834.894 834.894 834.894 834.894 834.894 847.958 890.587 918.354 911.176 868.777 787.349 714.634 638.692 579.019 548.205 522.032 507.452 502.256 498.065 492.38 485.565 484.127 488.025 495.636 509.548 526.29 542.988 549.137 555.215 563.395 573.498 580.481 584.954 578.363 570.454 565.992 561.328 556.073 553.723 551.122 548.759 546.533 545.538 544.344 542.912 541.757 541.03 540.159 539.113 537.858 537.075 537.075 537.075 537.075 537.544 538.377 539.377 540.576 542.015 543.742 545.814 548.301 551.285 552.727 553.97 555.463 557.203 557.203 557.203 557.203 557.203 557.203 557.203 557.203 557.203 557.203 557.203 557.203 557.203 557.203 557.203 557.203 557.203 557.203 557.203 557.203 557.203 557.203 557.203 557.203 557.203 557.203 557.203 557.203 557.203 557.203 557.203 557.203 557.203 557.203 557.203 557.203 557.203 557.203 557.203 
#sigma_Al27_total
819.699 819.699 819.699 819.699 819.699 819.699 819.699 819.699 819.699 819.699 819.699 833.031 876.315 904.811 890.899 849.119 768.677 697.802 622.822 564.157 533.03 509.287 496.287 492.481 488.251 481.244 474.356 473.11 477.041 485.016 498.14 515.64 532.394 537.91 543.729 551.04 560.081 567.064 572.066 565.254 557.079 552.917 548.701 543.926 541.505 538.848 536.522 534.323 533.318 532.112 530.666 529.514 528.819 527.985 526.984 525.782 525.032 525.032 525.032 525.032 525.524 526.397 527.444 528.701 530.209 532.019 534.191 536.797 539.925 541.302 542.414 543.749 545.305 545.305 545.305 545.305 545.305 545.305 545.305 545.305 545.305 545.305 545.305 545.305 545.305 545.305 545.305 545.305 545.305 545.305 545.305 545.305 545.305 545.305 545.305 545.305 545.305 545.305 545.305 545.305 545.305 545.305 545.305 545.305 545.305 545.305 545.305 545.305 545.305 545.305 545.305 
#sigma_Mg24_total
752.561 752.561 752.561 752.561 752.561 752.561 752.561 752.561 752.561 752.561 752.561 772.137 815.809 838.506 829.401 786.086 705.165 646.305 572.92 526.13 495.272 464.73 451.092 445.204 439.689 434.423 431.065 431.05 435.198 446.337 463.6 478.189 490.979 501.178 508.833 514.8 522.105 526.668 529.099 523.542 516.875 513.613 510.352 506.585 503.755 500.742 498.451 496.366 495.695 494.89 493.924 493.111 492.543 491.861 491.043 490.06 489.447 489.447 489.447 489.447 489.92 490.758 491.764 492.972 494.42 496.159 498.245 500.749 503.753 505.34 506.785 508.519 510.54 510.54 510.54 510.54 510.54 510.54 510.54 510.54 510.54 510.54 510.54 510.54 510.54 510.54 510.54 510.54 510.54 510.54 510.54 510.54 510.54 510.54 510.54 510.54 510.54 510.54 510.54 510.54 510.54 510.54 510.54 510.54 510.54 510.54 510.54 510.54 510.54 510.54 510.54 
#sigma_Na23_total
726.201 726.201 726.201 726.201 726.201 726.201 726.201 726.201 726.201 726.201 726.201 748.803 792.278 812.198 808.147 763.726 682.298 628.73 555.727 514.372 483.724 449.086 434.568 427.003 420.672 416.66 415.152 415.654 419.91 432.63 452.32 465.313 476.201 489.022 497.697 503.267 510.04 513.362 514.297 509.42 503.568 500.641 497.692 494.248 491.214 488.012 485.683 483.608 483.105 482.501 481.777 481.127 480.605 479.979 479.228 478.326 477.764 477.764 477.764 477.764 478.219 479.026 479.995 481.158 482.554 484.229 486.238 488.65 491.544 493.264 494.931 496.932 499.263 499.263 499.263 499.263 499.263 499.263 499.263 499.263 499.263 499.263 499.263 499.263 499.263 499.263 499.263 499.263 499.263 499.263 499.263 499.263 499.263 499.263 499.263 499.263 499.263 499.263 499.263 499.263 499.263 499.263 499.263 499.263 499.263 499.263 499.263 499.263 499.263 499.263 499.263 
#sigma_Ne22_total
702.846 702.846 702.846 702.846 702.846 702.846 702.846 702.846 702.846 702.846 702.846 726.994 770.855 788.893 785.474 741.166 662.397 612.058 541.01 501.587 470.345 434.969 420.276 412.176 405.527 401.858 401.117 401.865 406.113 419.142 439.078 451.021 461.139 474.808 483.821 489.223 495.761 498.638 499.067 494.551 489.133 486.388 483.611 480.354 477.315 474.124 471.868 469.874 469.439 468.918 468.293 467.726 467.262 466.705 466.036 465.234 464.74 464.757 464.777 464.802 465.254 466.039 466.982 468.113 469.471 471.1 473.055 475.401 478.215 479.963 481.688 483.759 486.173 486.173 486.173 486.173 486.173 486.173 486.173 486.173 486.173 486.173 486.173 486.173 486.173 486.173 486.173 486.173 486.173 486.173 486.173 486.173 486.173 486.173 486.173 486.173 486.173 486.173 486.173 486.173 486.173 486.173 486.173 486.173 486.173 486.173 486.173 486.173 486.173 486.173 486.173 
#sigma_Ne20_total
656.207 656.207 656.207 656.207 656.207 656.207 656.207 656.207 656.207 656.207 656.207 682.501 727.548 742.157 737.733 694.588 624.657 579.435 514.066 475.596 442.301 407.88 393.092 384.43 377.394 373.91 373.994 375.002 379.128 391.709 410.436 420.381 429.812 443.982 453.208 458.596 465.064 467.621 467.667 463.72 458.984 456.451 453.846 450.788 447.915 444.923 442.909 441.132 440.767 440.328 439.802 439.35 439.017 438.619 438.14 437.566 437.236 437.307 437.392 437.494 437.948 438.683 439.565 440.623 441.893 443.418 445.247 447.441 450.075 451.802 453.548 455.643 458.085 458.085 458.085 458.085 458.085 458.085 458.085 458.085 458.085 458.085 458.085 458.085 458.085 458.085 458.085 458.085 458.085 458.085 458.085 458.085 458.085 458.085 458.085 458.085 458.085 458.085 458.085 458.085 458.085 458.085 458.085 458.085 458.085 458.085 458.085 458.085 458.085 458.085 458.085 
#sigma_O16_total
563.214 563.214 563.214 563.214 563.214 563.214 563.214 563.214 563.214 563.214 563.214 590.014 639.095 648.187 632.633 595.588 557.459 517.092 470.181 421.921 381.044 358.288 344.347 336.582 329.782 324.652 323.549 324.142 327.593 335.008 344.49 350.856 362.332 372.703 380.509 387.153 395.08 399.291 401.093 397.669 393.559 390.84 387.881 384.521 382.694 380.817 379.649 378.544 378.039 377.433 376.706 376.275 376.275 376.275 376.275 376.275 376.379 376.64 376.952 377.328 377.816 378.424 379.153 380.028 381.078 382.338 383.85 385.665 387.842 389.235 390.629 392.301 394.25 394.25 394.25 394.25 394.25 394.25 394.25 394.25 394.25 394.25 394.25 394.25 394.25 394.25 394.25 394.25 394.25 394.25 394.25 394.25 394.25 394.25 394.25 394.25 394.25 394.25 394.25 394.25 394.25 394.25 394.25 394.25 394.25 394.25 394.25 394.25 394.25 394.25 394.25 
#sigma_N14_total
483.516 483.516 483.516 483.516 483.516 483.516 483.516 483.516 483.516 483.516 483.516 511.38 578.879 600.978 575.794 549.299 524.433 480.379 432.782 380.708 343.919 324.42 314.048 306.397 298.989 292.654 289.465 287.95 290.799 299.318 308.916 318.636 328.569 337.163 347.006 350.985 354.954 357.786 359.689 357.24 354.301 352.989 351.719 350.148 347.71 345.288 344.118 343.012 342.507 341.9 341.172 340.593 340.244 339.825 339.321 338.718 338.341 338.341 338.341 338.341 338.722 339.398 340.209 341.183 342.351 343.753 345.435 347.454 349.876 350.925 351.763 352.767 353.938 353.938 353.938 353.938 353.938 353.938 353.938 353.938 353.938 353.938 353.938 353.938 353.938 353.938 353.938 353.938 353.938 353.938 353.938 353.938 353.938 353.938 353.938 353.938 353.938 353.938 353.938 353.938 353.938 353.938 353.938 353.938 353.938 353.938 353.938 353.938 353.938 353.938 353.938 
#sigma_C12_total
474.589 474.589 474.589 474.589 474.589 474.589 474.589 474.589 474.589 474.589 474.589 510.761 573.305 547.897 520.611 501.366 469.978 419.04 372.416 331.456 303.163 277.049 261.777 255.318 251.233 248.614 248.203 250.492 255.167 259.312 270.3 283.99 296.398 305.913 311.827 313.259 314.395 314.791 314.443 311.009 306.889 305.43 304.158 302.776 302.776 302.524 301.352 300.309 300.056 299.752 299.388 299.098 298.923 298.713 298.461 298.159 298.179 298.701 299.328 300.08 300.64 301.114 301.682 302.365 303.184 304.166 305.346 306.761 308.459 309.371 310.209 311.215 312.388 312.388 312.388 312.388 312.388 312.388 312.388 312.388 312.388 312.388 312.388 312.388 312.388 312.388 312.388 312.388 312.388 312.388 312.388 312.388 312.388 312.388 312.388 312.388 312.388 312.388 312.388 312.388 312.388 312.388 312.388 312.388 312.388 312.388 312.388 312.388 312.388 312.388 312.388 
#sigma_O16_N14
31.2916 31.2919 31.2922 31.2926 31.293 31.2936 31.2942 31.295 31.2959 31.297 31.2983 31.2999 31.3017 31.3039 31.3065 31.3095 31.3131 31.3172 31.3219 31.3272 31.333 31.3392 31.3455 31.3511 31.355 31.3554 31.3491 31.3318 31.2969 31.2361 31.1404 31.0037 30.8292 30.6354 30.4536 30.3079 30.1934 30.0835 29.9576 29.807 29.6263 29.4094 29.2351 29.2351 29.2351 29.2351 29.2351 29.2351 29.2351 29.2351 29.2351 29.2351 29.2351 29.2351 29.2351 29.2351 29.2351 29.2351 29.2351 29.2351 29.2351 29.2351 29.2351 29.2351 29.2351 29.2351 29.2351 29.2351 29.2351 29.2351 29.2351 29.2351 29.2351 29.2351 29.2351 29.2351 29.2351 29.2351 29.2351 29.2351 29.2351 29.2351 29.2351 29.2351 29.2351 29.2351 29.2351 29.2351 29.2351 29.2351 29.2351 29.2351 29.2351 29.2351 29.2351 29.2351 29.2351 29.2351 29.2351 29.2351 29.2351 29.2351 29.2351 29.2351 29.2351 29.2351 29.2351 29.2351 29.2351 29.2351 29.2351 
#sigma_O16_N15
0 0 0 0 0 0 0 0.0246257 0.238185 0.712411 1.26576 3.20687 25.0173 68.241 107.863 118.186 100.075 83.069 71.4083 63.7751 58.3684 53.6387 51.0383 49.4522 47.8661 46.28 44.2496 42.0642 39.3108 36.0279 33.9796 33.3055 34.0304 33.8719 34.2702 34.3 34.3 34.3 34.3 34.3 34.3 34.3 34.3 34.3 34.3 34.3 34.3 34.3 34.3 34.3 34.3 34.3 34.3 34.3 34.3 34.3 34.3 34.3 34.3 34.3 34.3 34.3 34.3 34.3 34.3 34.3 34.3 34.3 34.3 34.3 34.3 34.3 34.3 34.3 34.3 34.3 34.3 34.3 34.3 34.3 34.3 34.3 34.3 34.3 34.3 34.3 34.3 34.3 34.3 34.3 34.3 34.3 34.3 34.3 34.3 34.3 34.3 34.3 34.3 34.3 34.3 34.3 34.3 34.3 34.3 34.3 34.3 34.3 34.3 34.3 34.3 
#sigma_O16_C12
0 0 0 0 0 0 0 0 0 27.5897 144.194 299.663 389.371 382.243 302.349 198.053 114.97 68.9603 51.8823 51.8556 53.2649 50.2298 46.1838 42.1378 38.0919 34.0459 33.1829 33.4295 33.6762 33.8883 33.7621 33.6359 33.4646 33.2754 33.0862 32.897 32.7078 32.5186 32.3294 32.3 32.3 32.3 32.3 32.3 32.3 32.3 32.3 32.3 32.3 32.3 32.3 32.3 32.3 32.3 32.3 32.3 32.3 32.3 32.3 32.3 32.3 32.3 32.3 32.3 32.3 32.3 32.3 32.3 32.3 32.3 32.3 32.3 32.3 32.3 32.3 32.3 32.3 32.3 32.3 32.3 32.3 32.3 32.3 32.3 32.3 32.3 32.3 32.3 32.3 32.3 32.3 32.3 32.3 32.3 32.3 32.3 32.3 32.3 32.3 32.3 32.3 32.3 32.3 32.3 32.3 32.3 32.3 32.3 32.3 32.3 32.3 
#sigma_O16_C13
0 0 0 0 0 0 0 0 0 0 0 0 0 0 0 0.0121577 1.0781 11.107 30.3546 36.2084 32.3795 28.706 26.0267 23.8538 22.0897 20.4292 19.5124 18.8548 18.1972 17.5396 17.5 17.5 17.5 17.5 17.5 17.5 17.5 17.5 17.5 17.5 17.5 17.5 17.5 17.5 17.5 17.5 17.5 17.5 17.5 17.5 17.5 17.5 17.5 17.5 17.5 17.5 17.5 17.5 17.5 17.5 17.5 17.5 17.5 17.5 17.5 17.5 17.5 17.5 17.5 17.5 17.5 17.5 17.5 17.5 17.5 17.5 17.5 17.5 17.5 17.5 17.5 17.5 17.5 17.5 17.5 17.5 17.5 17.5 17.5 17.5 17.5 17.5 17.5 17.5 17.5 17.5 17.5 17.5 17.5 17.5 17.5 17.5 17.5 17.5 17.5 17.5 17.5 17.5 17.5 17.5 17.5 
#sigma_Si28_Na23
17.8905 17.8913 17.8923 17.8935 17.895 17.8967 17.8988 17.9013 17.9043 17.9079 17.9123 17.9175 17.9238 17.9314 17.9406 17.9517 17.965 17.9812 18.0007 18.0244 18.053 18.0875 18.1291 18.1791 18.2385 18.3081 18.3876 18.4741 18.5604 18.6312 18.6591 18.6022 18.4115 18.057 17.5758 17.0951 16.7533 16.5633 16.4292 16.2839 16.1104 15.9022 15.7349 15.7349 15.7349 15.7349 15.7349 15.7349 15.7349 15.7349 15.7349 15.7349 15.7349 15.7349 15.7349 15.7349 15.7349 15.7349 15.7349 15.7349 15.7349 15.7349 15.7349 15.7349 15.7349 15.7349 15.7349 15.7349 15.7349 15.7349 15.7349 15.7349 15.7349 15.7349 15.7349 15.7349 15.7349 15.7349 15.7349 15.7349 15.7349 15.7349 15.7349 15.7349 15.7349 15.7349 15.7349 15.7349 15.7349 15.7349 15.7349 15.7349 15.7349 15.7349 15.7349 15.7349 15.7349 15.7349 15.7349 15.7349 15.7349 15.7349 15.7349 15.7349 15.7349 15.7349 15.7349 15.7349 15.7349 15.7349 15.7349 
#sigma_Si28_Al26
0 0 0 0 0 0 0 0 0 0 0 0 0 0.367646 1.61998 11.3029 43.4277 66.7086 59.3125 51.58 44.177 38.1348 34.512 31.854 29.1961 26.5381 23.8802 23.2292 22.9132 22.5982 22.3915 22.1848 21.9782 21.6331 20.4232 19.2132 18.0032 17.0738 16.6982 16.3227 16.2 16.2 16.2 16.2 16.2 16.2 16.2 16.2 16.2 16.2 16.2 16.2 16.2 16.2 16.2 16.2 16.2 16.2 16.2 16.2 16.2 16.2 16.2 16.2 16.2 16.2 16.2 16.2 16.2 16.2 16.2 16.2 16.2 16.2 16.2 16.2 16.2 16.2 16.2 16.2 16.2 16.2 16.2 16.2 16.2 16.2 16.2 16.2 16.2 16.2 16.2 16.2 16.2 16.2 16.2 16.2 16.2 16.2 16.2 16.2 16.2 16.2 16.2 16.2 16.2 16.2 16.2 16.2 16.2 16.2 16.2 
#sigma_Si28_Al27
0 0 0 0 0 0 0 0 0 0 0.0826497 47.3481 221.925 403.681 418.063 341.227 234.284 127.341 97.4295 73.9499 56.4362 47.6696 42.7589 39.2042 35.7944 32.4473 30.9876 34.6613 38.3349 42.0086 45.6823 49.356 50.4 50.4 50.4 50.4 50.4 50.4 50.4 50.4 50.4 50.4 50.4 50.4 50.4 50.4 50.4 50.4 50.4 50.4 50.4 50.4 50.4 50.4 50.4 50.4 50.4 50.4 50.4 50.4 50.4 50.4 50.4 50.4 50.4 50.4 50.4 50.4 50.4 50.4 50.4 50.4 50.4 50.4 50.4 50.4 50.4 50.4 50.4 50.4 50.4 50.4 50.4 50.4 50.4 50.4 50.4 50.4 50.4 50.4 50.4 50.4 50.4 50.4 50.4 50.4 50.4 50.4 50.4 50.4 50.4 50.4 50.4 50.4 50.4 50.4 50.4 50.4 50.4 50.4 50.4 
#sigma_Si28_Mg24
35.4239 35.4257 35.4278 35.4304 35.4334 35.4371 35.4414 35.4466 35.4529 35.4603 35.4692 35.4799 35.4925 35.5076 35.5254 35.5465 35.5714 35.6006 35.6347 35.674 35.7189 35.7694 35.8246 35.8828 35.9401 35.9897 36.02 36.0126 35.9392 35.7607 35.4288 34.8973 34.148 33.2306 32.2875 31.5073 30.9893 30.6572 30.3642 30.0293 29.6283 29.1472 28.7605 28.7605 28.7605 28.7605 28.7605 28.7605 28.7605 28.7605 28.7605 28.7605 28.7605 28.7605 28.7605 28.7605 28.7605 28.7605 28.7605 28.7605 28.7605 28.7605 28.7605 28.7605 28.7605 28.7605 28.7605 28.7605 28.7605 28.7605 28.7605 28.7605 28.7605 28.7605 28.7605 28.7605 28.7605 28.7605 28.7605 28.7605 28.7605 28.7605 28.7605 28.7605 28.7605 28.7605 28.7605 28.7605 28.7605 28.7605 28.7605 28.7605 28.7605 28.7605 28.7605 28.7605 28.7605 28.7605 28.7605 28.7605 28.7605 28.7605 28.7605 28.7605 28.7605 28.7605 28.7605 28.7605 28.7605 28.7605 28.7605 
#sigma_Si28_Mg25
28.0357 28.0371 28.0387 28.0407 28.0432 28.046 28.0495 28.0536 28.0586 28.0645 28.0715 28.0799 28.0899 28.1018 28.116 28.1327 28.1524 28.1755 28.2024 28.2336 28.2691 28.309 28.3528 28.3988 28.4441 28.4834 28.5074 28.5015 28.4434 28.3022 28.0395 27.6189 27.0259 26.2998 25.5534 24.9359 24.526 24.2631 24.0312 23.7661 23.4488 23.068 22.762 22.762 22.762 22.762 22.762 22.762 22.762 22.762 22.762 22.762 22.762 22.762 22.762 22.762 22.762 22.762 22.762 22.762 22.762 22.762 22.762 22.762 22.762 22.762 22.762 22.762 22.762 22.762 22.762 22.762 22.762 22.762 22.762 22.762 22.762 22.762 22.762 22.762 22.762 22.762 22.762 22.762 22.762 22.762 22.762 22.762 22.762 22.762 22.762 22.762 22.762 22.762 22.762 22.762 22.762 22.762 22.762 22.762 22.762 22.762 22.762 22.762 22.762 22.762 22.762 22.762 22.762 22.762 22.762 
#sigma_Si28_Mg26
16.1301 16.1309 16.1318 16.133 16.1344 16.136 16.138 16.1404 16.1432 16.1466 16.1507 16.1555 16.1613 16.1681 16.1763 16.1859 16.1972 16.2105 16.226 16.2439 16.2644 16.2874 16.3125 16.339 16.3651 16.3877 16.4015 16.3981 16.3647 16.2834 16.1323 15.8903 15.5491 15.1313 14.7019 14.3467 14.1108 13.9596 13.8261 13.6736 13.4911 13.272 13.0959 13.0959 13.0959 13.0959 13.0959 13.0959 13.0959 13.0959 13.0959 13.0959 13.0959 13.0959 13.0959 13.0959 13.0959 13.0959 13.0959 13.0959 13.0959 13.0959 13.0959 13.0959 13.0959 13.0959 13.0959 13.0959 13.0959 13.0959 13.0959 13.0959 13.0959 13.0959 13.0959 13.0959 13.0959 13.0959 13.0959 13.0959 13.0959 13.0959 13.0959 13.0959 13.0959 13.0959 13.0959 13.0959 13.0959 13.0959 13.0959 13.0959 13.0959 13.0959 13.0959 13.0959 13.0959 13.0959 13.0959 13.0959 13.0959 13.0959 13.0959 13.0959 13.0959 13.0959 13.0959 13.0959 13.0959 13.0959 13.0959 
#sigma_Si28_Ne20
12.0494 12.0494 12.0496 12.0497 12.0498 12.05 12.0502 12.0505 12.0508 12.0512 12.0517 12.0523 12.053 12.0539 12.0551 12.0565 12.0583 12.0606 12.0636 12.0675 12.0726 12.0793 12.0883 12.1005 12.121 12.2155 12.4275 12.7427 13.0784 13.3322 13.4811 13.5698 13.6004 13.5191 13.2923 12.9914 12.7623 12.6435 12.5579 12.4611 12.3451 12.2058 12.0939 12.0939 12.0939 12.0939 12.0939 12.0939 12.0939 12.0939 12.0939 12.0939 12.0939 12.0939 12.0939 12.0939 12.0939 12.0939 12.0939 12.0939 12.0939 12.0939 12.0939 12.0939 12.0939 12.0939 12.0939 12.0939 12.0939 12.0939 12.0939 12.0939 12.0939 12.0939 12.0939 12.0939 12.0939 12.0939 12.0939 12.0939 12.0939 12.0939 12.0939 12.0939 12.0939 12.0939 12.0939 12.0939 12.0939 12.0939 12.0939 12.0939 12.0939 12.0939 12.0939 12.0939 12.0939 12.0939 12.0939 12.0939 12.0939 12.0939 12.0939 12.0939 12.0939 12.0939 12.0939 12.0939 12.0939 12.0939 12.0939 
#sigma_Si28_Ne21
17.3848 17.3849 17.385 17.3852 17.3854 17.3857 17.386 17.3864 17.3869 17.3874 17.3881 17.389 17.39 17.3914 17.393 17.3951 17.3977 17.401 17.4053 17.4109 17.4182 17.4279 17.4409 17.4585 17.4881 17.6245 17.9303 18.3851 18.8695 19.2356 19.4504 19.5785 19.6225 19.5053 19.178 18.744 18.4134 18.242 18.1185 17.9788 17.8114 17.6105 17.449 17.449 17.449 17.449 17.449 17.449 17.449 17.449 17.449 17.449 17.449 17.449 17.449 17.449 17.449 17.449 17.449 17.449 17.449 17.449 17.449 17.449 17.449 17.449 17.449 17.449 17.449 17.449 17.449 17.449 17.449 17.449 17.449 17.449 17.449 17.449 17.449 17.449 17.449 17.449 17.449 17.449 17.449 17.449 17.449 17.449 17.449 17.449 17.449 17.449 17.449 17.449 17.449 17.449 17.449 17.449 17.449 17.449 17.449 17.449 17.449 17.449 17.449 17.449 17.449 17.449 17.449 17.449 17.449 
#sigma_Si28_Ne22
0 0 0 0 0 0 0 0 0 0 0 0 0 0 0 0 0.0963745 1.05973 4.39814 6.42242 5.03837 4.60998 4.55436 6.94746 7.47352 7.638 7.77517 7.91234 8.04951 8.18668 8.32385 8.46102 8.56653 8.65947 8.75241 8.84536 8.9383 8.55819 7.24385 5.9295 5.46686 5.41764 5.36842 5.31921 5.26999 5.22077 5.17155 5.12233 5.07311 5.02389 4.97467 4.92545 4.9 4.9 4.9 4.9 4.9 4.9 4.9 4.9 4.9 4.9 4.9 4.9 4.9 4.9 4.9 4.9 4.9 4.9 4.9 4.9 4.9 4.9 4.9 4.9 4.9 4.9 4.9 4.9 4.9 4.9 4.9 4.9 4.9 4.9 4.9 4.9 4.9 4.9 4.9 4.9 4.9 4.9 4.9 4.9 4.9 4.9 4.9 4.9 4.9 4.9 4.9 4.9 4.9 4.9 4.9 4.9 4.9 4.9 4.9 
#sigma_Mg24_Na23
44.4166 44.4178 44.4193 44.4211 44.4232 44.4257 44.4288 44.4324 44.4368 44.442 44.4482 44.4556 44.4644 44.4749 44.4872 44.5018 44.519 44.539 44.5622 44.5887 44.6186 44.6515 44.6865 44.7216 44.753 44.7742 44.7749 44.7388 44.6427 44.4566 44.148 43.6957 43.1138 42.4743 41.8967 41.4748 41.1946 40.9617 40.7044 40.3973 40.0289 39.5868 39.2314 39.2314 39.2314 39.2314 39.2314 39.2314 39.2314 39.2314 39.2314 39.2314 39.2314 39.2314 39.2314 39.2314 39.2314 39.2314 39.2314 39.2314 39.2314 39.2314 39.2314 39.2314 39.2314 39.2314 39.2314 39.2314 39.2314 39.2314 39.2314 39.2314 39.2314 39.2314 39.2314 39.2314 39.2314 39.2314 39.2314 39.2314 39.2314 39.2314 39.2314 39.2314 39.2314 39.2314 39.2314 39.2314 39.2314 39.2314 39.2314 39.2314 39.2314 39.2314 39.2314 39.2314 39.2314 39.2314 39.2314 39.2314 39.2314 39.2314 39.2314 39.2314 39.2314 39.2314 39.2314 39.2314 39.2314 39.2314 39.2314 
#sigma_Mg24_Ne20
27.0397 27.0406 27.0417 27.043 27.0445 27.0464 27.0486 27.0513 27.0545 27.0583 27.0629 27.0683 27.0748 27.0825 27.0917 27.1025 27.1152 27.1301 27.1474 27.1674 27.1902 27.2156 27.2433 27.2721 27.3 27.3231 27.3351 27.3258 27.2799 27.1761 26.988 26.6905 26.2733 25.7629 25.2355 24.7921 24.4857 24.274 24.0769 23.8495 23.577 23.25 22.9872 22.9872 22.9872 22.9872 22.9872 22.9872 22.9872 22.9872 22.9872 22.9872 22.9872 22.9872 22.9872 22.9872 22.9872 22.9872 22.9872 22.9872 22.9872 22.9872 22.9872 22.9872 22.9872 22.9872 22.9872 22.9872 22.9872 22.9872 22.9872 22.9872 22.9872 22.9872 22.9872 22.9872 22.9872 22.9872 22.9872 22.9872 22.9872 22.9872 22.9872 22.9872 22.9872 22.9872 22.9872 22.9872 22.9872 22.9872 22.9872 22.9872 22.9872 22.9872 22.9872 22.9872 22.9872 22.9872 22.9872 22.9872 22.9872 22.9872 22.9872 22.9872 22.9872 22.9872 22.9872 22.9872 22.9872 22.9872 22.9872 
#sigma_Mg24_Ne21
24.9433 24.9441 24.9451 24.9463 24.9477 24.9495 24.9515 24.954 24.9569 24.9605 24.9647 24.9697 24.9757 24.9828 24.9912 25.0012 25.0129 25.0267 25.0427 25.0611 25.0821 25.1056 25.1311 25.1577 25.1834 25.2047 25.2158 25.2072 25.1649 25.0691 24.8956 24.6212 24.2363 23.7655 23.279 22.87 22.5873 22.392 22.2102 22.0004 21.7491 21.4474 21.205 21.205 21.205 21.205 21.205 21.205 21.205 21.205 21.205 21.205 21.205 21.205 21.205 21.205 21.205 21.205 21.205 21.205 21.205 21.205 21.205 21.205 21.205 21.205 21.205 21.205 21.205 21.205 21.205 21.205 21.205 21.205 21.205 21.205 21.205 21.205 21.205 21.205 21.205 21.205 21.205 21.205 21.205 21.205 21.205 21.205 21.205 21.205 21.205 21.205 21.205 21.205 21.205 21.205 21.205 21.205 21.205 21.205 21.205 21.205 21.205 21.205 21.205 21.205 21.205 21.205 21.205 21.205 21.205 
#sigma_Mg24_Ne22
25.87 25.8709 25.8719 25.8732 25.8747 25.8764 25.8786 25.8811 25.8842 25.8879 25.8922 25.8974 25.9036 25.911 25.9198 25.9301 25.9423 25.9565 25.9731 25.9922 26.014 26.0383 26.0648 26.0924 26.1191 26.1412 26.1526 26.1437 26.0998 26.0005 25.8206 25.5359 25.1368 24.6485 24.1439 23.7197 23.4265 23.224 23.0354 22.8178 22.5571 22.2443 21.9929 21.9929 21.9929 21.9929 21.9929 21.9929 21.9929 21.9929 21.9929 21.9929 21.9929 21.9929 21.9929 21.9929 21.9929 21.9929 21.9929 21.9929 21.9929 21.9929 21.9929 21.9929 21.9929 21.9929 21.9929 21.9929 21.9929 21.9929 21.9929 21.9929 21.9929 21.9929 21.9929 21.9929 21.9929 21.9929 21.9929 21.9929 21.9929 21.9929 21.9929 21.9929 21.9929 21.9929 21.9929 21.9929 21.9929 21.9929 21.9929 21.9929 21.9929 21.9929 21.9929 21.9929 21.9929 21.9929 21.9929 21.9929 21.9929 21.9929 21.9929 21.9929 21.9929 21.9929 21.9929 21.9929 21.9929 21.9929 21.9929 
#sigma_Mg24_O16
30.4457 30.4458 30.4459 30.4461 30.4463 30.4465 30.4467 30.4471 30.4475 30.448 30.4486 30.4493 30.4503 30.4515 30.453 30.4549 30.4573 30.4605 30.4646 30.47 30.4773 30.4872 30.5006 30.5191 30.5524 30.7324 31.146 31.7632 32.4162 32.8976 33.1624 33.3065 33.3467 33.194 32.7907 32.258 31.8431 31.6112 31.4298 31.2222 30.9733 30.6746 30.4345 30.4345 30.4345 30.4345 30.4345 30.4345 30.4345 30.4345 30.4345 30.4345 30.4345 30.4345 30.4345 30.4345 30.4345 30.4345 30.4345 30.4345 30.4345 30.4345 30.4345 30.4345 30.4345 30.4345 30.4345 30.4345 30.4345 30.4345 30.4345 30.4345 30.4345 30.4345 30.4345 30.4345 30.4345 30.4345 30.4345 30.4345 30.4345 30.4345 30.4345 30.4345 30.4345 30.4345 30.4345 30.4345 30.4345 30.4345 30.4345 30.4345 30.4345 30.4345 30.4345 30.4345 30.4345 30.4345 30.4345 30.4345 30.4345 30.4345 30.4345 30.4345 30.4345 30.4345 30.4345 30.4345 30.4345 30.4345 30.4345 
#sigma_Mg24_O17
10.4818 10.4818 10.4819 10.4819 10.482 10.482 10.4821 10.4823 10.4824 10.4826 10.4828 10.483 10.4834 10.4838 10.4843 10.4849 10.4858 10.4869 10.4883 10.4902 10.4927 10.4961 10.5007 10.507 10.5185 10.5805 10.7229 10.9354 11.1602 11.3259 11.4171 11.4667 11.4805 11.4279 11.2891 11.1057 10.9629 10.883 10.8206 10.7491 10.6634 10.5606 10.4779 10.4779 10.4779 10.4779 10.4779 10.4779 10.4779 10.4779 10.4779 10.4779 10.4779 10.4779 10.4779 10.4779 10.4779 10.4779 10.4779 10.4779 10.4779 10.4779 10.4779 10.4779 10.4779 10.4779 10.4779 10.4779 10.4779 10.4779 10.4779 10.4779 10.4779 10.4779 10.4779 10.4779 10.4779 10.4779 10.4779 10.4779 10.4779 10.4779 10.4779 10.4779 10.4779 10.4779 10.4779 10.4779 10.4779 10.4779 10.4779 10.4779 10.4779 10.4779 10.4779 10.4779 10.4779 10.4779 10.4779 10.4779 10.4779 10.4779 10.4779 10.4779 10.4779 10.4779 10.4779 10.4779 10.4779 10.4779 10.4779 
#sigma_Mg24_O18
3.4561 3.45611 3.45612 3.45614 3.45616 3.45619 3.45622 3.45625 3.4563 3.45635 3.45642 3.45651 3.45662 3.45675 3.45692 3.45714 3.45741 3.45777 3.45824 3.45886 3.45969 3.46081 3.46233 3.46443 3.4682 3.48864 3.53559 3.60565 3.67978 3.73443 3.76449 3.78085 3.78541 3.76807 3.72229 3.66182 3.61473 3.5884 3.56781 3.54424 3.51599 3.48208 3.45483 3.45483 3.45483 3.45483 3.45483 3.45483 3.45483 3.45483 3.45483 3.45483 3.45483 3.45483 3.45483 3.45483 3.45483 3.45483 3.45483 3.45483 3.45483 3.45483 3.45483 3.45483 3.45483 3.45483 3.45483 3.45483 3.45483 3.45483 3.45483 3.45483 3.45483 3.45483 3.45483 3.45483 3.45483 3.45483 3.45483 3.45483 3.45483 3.45483 3.45483 3.45483 3.45483 3.45483 3.45483 3.45483 3.45483 3.45483 3.45483 3.45483 3.45483 3.45483 3.45483 3.45483 3.45483 3.45483 3.45483 3.45483 3.45483 3.45483 3.45483 3.45483 3.45483 3.45483 3.45483 3.45483 3.45483 3.45483 3.45483 
#sigma_Mg24_N14
10.1456 10.1427 10.1393 10.1351 10.1301 10.1241 10.1168 10.108 10.0973 10.0843 10.0685 10.0493 10.0259 9.99746 9.96296 9.92131 9.87156 9.81323 9.74715 9.67685 9.61093 9.56597 9.56842 9.65003 9.82883 10.0765 10.3296 10.586 10.896 11.3355 11.8881 12.4308 12.8196 13.0132 13.0752 13.0402 12.9155 12.7888 12.7212 12.6714 12.6139 12.5448 12.4893 12.4893 12.4893 12.4893 12.4893 12.4893 12.4893 12.4893 12.4893 12.4893 12.4893 12.4893 12.4893 12.4893 12.4893 12.4893 12.4893 12.4893 12.4893 12.4893 12.4893 12.4893 12.4893 12.4893 12.4893 12.4893 12.4893 12.4893 12.4893 12.4893 12.4893 12.4893 12.4893 12.4893 12.4893 12.4893 12.4893 12.4893 12.4893 12.4893 12.4893 12.4893 12.4893 12.4893 12.4893 12.4893 12.4893 12.4893 12.4893 12.4893 12.4893 12.4893 12.4893 12.4893 12.4893 12.4893 12.4893 12.4893 12.4893 12.4893 12.4893 12.4893 12.4893 12.4893 12.4893 12.4893 12.4893 12.4893 12.4893 
#sigma_Mg24_N15
11.2728 11.2697 11.2659 11.2613 11.2557 11.249 11.2409 11.2311 11.2192 11.2047 11.1872 11.1658 11.1399 11.1083 11.07 11.0237 10.9684 10.9036 10.8302 10.7521 10.6788 10.6289 10.6316 10.7223 10.9209 11.1961 11.4773 11.7622 12.1066 12.595 13.209 13.812 14.244 14.4591 14.528 14.4891 14.3505 14.2098 14.1347 14.0794 14.0154 13.9387 13.877 13.877 13.877 13.877 13.877 13.877 13.877 13.877 13.877 13.877 13.877 13.877 13.877 13.877 13.877 13.877 13.877 13.877 13.877 13.877 13.877 13.877 13.877 13.877 13.877 13.877 13.877 13.877 13.877 13.877 13.877 13.877 13.877 13.877 13.877 13.877 13.877 13.877 13.877 13.877 13.877 13.877 13.877 13.877 13.877 13.877 13.877 13.877 13.877 13.877 13.877 13.877 13.877 13.877 13.877 13.877 13.877 13.877 13.877 13.877 13.877 13.877 13.877 13.877 13.877 13.877 13.877 13.877 13.877 
#sigma_Mg24_C12
18.1221 18.1142 18.1047 18.0932 18.0794 18.0626 18.0424 18.0179 17.9882 17.9522 17.9083 17.855 17.7902 17.7113 17.6155 17.4999 17.3617 17.1998 17.0164 16.8216 16.6392 16.5159 16.5256 16.7572 17.2612 17.9578 18.6057 19.0198 19.5299 20.4722 21.9164 23.5646 24.8895 25.5732 25.78 25.781 25.6609 25.5143 25.4343 25.3832 25.3256 25.2566 25.2011 25.2011 25.2011 25.2011 25.2011 25.2011 25.2011 25.2011 25.2011 25.2011 25.2011 25.2011 25.2011 25.2011 25.2011 25.2011 25.2011 25.2011 25.2011 25.2011 25.2011 25.2011 25.2011 25.2011 25.2011 25.2011 25.2011 25.2011 25.2011 25.2011 25.2011 25.2011 25.2011 25.2011 25.2011 25.2011 25.2011 25.2011 25.2011 25.2011 25.2011 25.2011 25.2011 25.2011 25.2011 25.2011 25.2011 25.2011 25.2011 25.2011 25.2011 25.2011 25.2011 25.2011 25.2011 25.2011 25.2011 25.2011 25.2011 25.2011 25.2011 25.2011 25.2011 25.2011 25.2011 25.2011 25.2011 25.2011 25.2011 
#sigma_Mg24_C13
8.05281 8.04929 8.04506 8.03996 8.03381 8.02637 8.01738 8.00649 7.9933 7.97728 7.95781 7.93413 7.9053 7.87024 7.82768 7.7763 7.71492 7.64297 7.56148 7.47488 7.39385 7.33905 7.34337 7.4463 7.67022 7.97979 8.26769 8.45168 8.67837 9.0971 9.73886 10.4713 11.06 11.3638 11.4557 11.4561 11.4027 11.3376 11.3021 11.2794 11.2538 11.2231 11.1985 11.1985 11.1985 11.1985 11.1985 11.1985 11.1985 11.1985 11.1985 11.1985 11.1985 11.1985 11.1985 11.1985 11.1985 11.1985 11.1985 11.1985 11.1985 11.1985 11.1985 11.1985 11.1985 11.1985 11.1985 11.1985 11.1985 11.1985 11.1985 11.1985 11.1985 11.1985 11.1985 11.1985 11.1985 11.1985 11.1985 11.1985 11.1985 11.1985 11.1985 11.1985 11.1985 11.1985 11.1985 11.1985 11.1985 11.1985 11.1985 11.1985 11.1985 11.1985 11.1985 11.1985 11.1985 11.1985 11.1985 11.1985 11.1985 11.1985 11.1985 11.1985 11.1985 11.1985 11.1985 11.1985 11.1985 11.1985 11.1985 
#sigma_Na23_Ne20
17.5385 17.5389 17.5394 17.5399 17.5406 17.5414 17.5423 17.5435 17.5448 17.5464 17.5484 17.5507 17.5534 17.5567 17.5605 17.565 17.5703 17.5765 17.5837 17.5918 17.601 17.6111 17.6217 17.6323 17.6415 17.6472 17.6461 17.633 17.6003 17.5381 17.4362 17.2875 17.0965 16.8862 16.6949 16.5525 16.4544 16.37 16.2757 16.1632 16.0281 15.8661 15.7358 15.7358 15.7358 15.7358 15.7358 15.7358 15.7358 15.7358 15.7358 15.7358 15.7358 15.7358 15.7358 15.7358 15.7358 15.7358 15.7358 15.7358 15.7358 15.7358 15.7358 15.7358 15.7358 15.7358 15.7358 15.7358 15.7358 15.7358 15.7358 15.7358 15.7358 15.7358 15.7358 15.7358 15.7358 15.7358 15.7358 15.7358 15.7358 15.7358 15.7358 15.7358 15.7358 15.7358 15.7358 15.7358 15.7358 15.7358 15.7358 15.7358 15.7358 15.7358 15.7358 15.7358 15.7358 15.7358 15.7358 15.7358 15.7358 15.7358 15.7358 15.7358 15.7358 15.7358 15.7358 15.7358 15.7358 15.7358 15.7358 
#sigma_Na23_Ne21
30.1745 30.1751 30.1758 30.1767 30.1778 30.1791 30.1806 30.1824 30.1846 30.1872 30.1903 30.194 30.1984 30.2036 30.2097 30.217 30.2255 30.2355 30.247 30.2601 30.2749 30.2911 30.3082 30.3252 30.3399 30.3492 30.3475 30.3263 30.2737 30.1738 30.0099 29.7709 29.4638 29.1256 28.818 28.5892 28.4315 28.2957 28.1441 27.9632 27.7461 27.4856 27.2762 27.2762 27.2762 27.2762 27.2762 27.2762 27.2762 27.2762 27.2762 27.2762 27.2762 27.2762 27.2762 27.2762 27.2762 27.2762 27.2762 27.2762 27.2762 27.2762 27.2762 27.2762 27.2762 27.2762 27.2762 27.2762 27.2762 27.2762 27.2762 27.2762 27.2762 27.2762 27.2762 27.2762 27.2762 27.2762 27.2762 27.2762 27.2762 27.2762 27.2762 27.2762 27.2762 27.2762 27.2762 27.2762 27.2762 27.2762 27.2762 27.2762 27.2762 27.2762 27.2762 27.2762 27.2762 27.2762 27.2762 27.2762 27.2762 27.2762 27.2762 27.2762 27.2762 27.2762 27.2762 27.2762 27.2762 27.2762 27.2762 
#sigma_Na23_Ne22
23.8906 23.8912 23.8918 23.8925 23.8934 23.8945 23.8958 23.8974 23.8992 23.9014 23.904 23.9072 23.9109 23.9153 23.9205 23.9267 23.9339 23.9423 23.9521 23.9632 23.9757 23.9895 24.004 24.0183 24.0308 24.0387 24.0372 24.0193 23.9747 23.8901 23.7512 23.5487 23.2885 23.002 22.7414 22.5475 22.4139 22.2988 22.1704 22.0171 21.8332 21.6125 21.435 21.435 21.435 21.435 21.435 21.435 21.435 21.435 21.435 21.435 21.435 21.435 21.435 21.435 21.435 21.435 21.435 21.435 21.435 21.435 21.435 21.435 21.435 21.435 21.435 21.435 21.435 21.435 21.435 21.435 21.435 21.435 21.435 21.435 21.435 21.435 21.435 21.435 21.435 21.435 21.435 21.435 21.435 21.435 21.435 21.435 21.435 21.435 21.435 21.435 21.435 21.435 21.435 21.435 21.435 21.435 21.435 21.435 21.435 21.435 21.435 21.435 21.435 21.435 21.435 21.435 21.435 21.435 21.435 
#sigma_Na23_O16
32.9006 32.9014 32.9024 32.9035 32.9049 32.9066 32.9086 32.911 32.9139 32.9173 32.9215 32.9265 32.9326 32.9399 32.9487 32.9593 32.9722 32.9877 33.0065 33.0292 33.0568 33.0901 33.1302 33.1783 33.2356 33.3025 33.3786 33.4608 33.5414 33.6041 33.6202 33.5463 33.3307 32.9422 32.4183 31.8895 31.4982 31.2564 31.0633 30.8479 30.5902 30.2809 30.0323 30.0323 30.0323 30.0323 30.0323 30.0323 30.0323 30.0323 30.0323 30.0323 30.0323 30.0323 30.0323 30.0323 30.0323 30.0323 30.0323 30.0323 30.0323 30.0323 30.0323 30.0323 30.0323 30.0323 30.0323 30.0323 30.0323 30.0323 30.0323 30.0323 30.0323 30.0323 30.0323 30.0323 30.0323 30.0323 30.0323 30.0323 30.0323 30.0323 30.0323 30.0323 30.0323 30.0323 30.0323 30.0323 30.0323 30.0323 30.0323 30.0323 30.0323 30.0323 30.0323 30.0323 30.0323 30.0323 30.0323 30.0323 30.0323 30.0323 30.0323 30.0323 30.0323 30.0323 30.0323 30.0323 30.0323 30.0323 30.0323 
#sigma_Na23_O17
15.8628 15.8632 15.8637 15.8642 15.8649 15.8657 15.8666 15.8678 15.8692 15.8709 15.8729 15.8753 15.8782 15.8817 15.886 15.8911 15.8973 15.9048 15.9139 15.9248 15.9381 15.9541 15.9735 15.9967 16.0243 16.0566 16.0933 16.1329 16.1717 16.202 16.2098 16.1741 16.0702 15.8829 15.6302 15.3753 15.1866 15.07 14.977 14.8731 14.7488 14.5997 14.4799 14.4799 14.4799 14.4799 14.4799 14.4799 14.4799 14.4799 14.4799 14.4799 14.4799 14.4799 14.4799 14.4799 14.4799 14.4799 14.4799 14.4799 14.4799 14.4799 14.4799 14.4799 14.4799 14.4799 14.4799 14.4799 14.4799 14.4799 14.4799 14.4799 14.4799 14.4799 14.4799 14.4799 14.4799 14.4799 14.4799 14.4799 14.4799 14.4799 14.4799 14.4799 14.4799 14.4799 14.4799 14.4799 14.4799 14.4799 14.4799 14.4799 14.4799 14.4799 14.4799 14.4799 14.4799 14.4799 14.4799 14.4799 14.4799 14.4799 14.4799 14.4799 14.4799 14.4799 14.4799 14.4799 14.4799 14.4799 14.4799 
#sigma_Na23_O18
7.05014 7.05031 7.05051 7.05076 7.05106 7.05141 7.05184 7.05235 7.05297 7.05372 7.05461 7.05569 7.05699 7.05855 7.06044 7.06271 7.06547 7.0688 7.07282 7.0777 7.0836 7.09073 7.09933 7.10965 7.12191 7.13625 7.15256 7.17018 7.18744 7.20087 7.20433 7.18848 7.1423 7.05905 6.94677 6.83346 6.74961 6.69779 6.65643 6.61026 6.55504 6.48876 6.4355 6.4355 6.4355 6.4355 6.4355 6.4355 6.4355 6.4355 6.4355 6.4355 6.4355 6.4355 6.4355 6.4355 6.4355 6.4355 6.4355 6.4355 6.4355 6.4355 6.4355 6.4355 6.4355 6.4355 6.4355 6.4355 6.4355 6.4355 6.4355 6.4355 6.4355 6.4355 6.4355 6.4355 6.4355 6.4355 6.4355 6.4355 6.4355 6.4355 6.4355 6.4355 6.4355 6.4355 6.4355 6.4355 6.4355 6.4355 6.4355 6.4355 6.4355 6.4355 6.4355 6.4355 6.4355 6.4355 6.4355 6.4355 6.4355 6.4355 6.4355 6.4355 6.4355 6.4355 6.4355 6.4355 6.4355 6.4355 6.4355 
#sigma_Na23_N14
9.18102 9.18098 9.18093 9.18087 9.1808 9.18071 9.18061 9.18049 9.18034 9.18016 9.17995 9.1797 9.1794 9.17905 9.17863 9.17813 9.17754 9.17685 9.17604 9.17511 9.17405 9.17287 9.17159 9.17029 9.17171 9.2207 9.35392 9.58461 9.88759 10.1875 10.3995 10.5057 10.5547 10.5708 10.5279 10.419 10.3093 10.2463 10.2 10.1471 10.0836 10.0075 9.94625 9.94625 9.94625 9.94625 9.94625 9.94625 9.94625 9.94625 9.94625 9.94625 9.94625 9.94625 9.94625 9.94625 9.94625 9.94625 9.94625 9.94625 9.94625 9.94625 9.94625 9.94625 9.94625 9.94625 9.94625 9.94625 9.94625 9.94625 9.94625 9.94625 9.94625 9.94625 9.94625 9.94625 9.94625 9.94625 9.94625 9.94625 9.94625 9.94625 9.94625 9.94625 9.94625 9.94625 9.94625 9.94625 9.94625 9.94625 9.94625 9.94625 9.94625 9.94625 9.94625 9.94625 9.94625 9.94625 9.94625 9.94625 9.94625 9.94625 9.94625 9.94625 9.94625 9.94625 9.94625 9.94625 9.94625 9.94625 9.94625 
#sigma_Na23_N15
19.6326 19.6325 19.6324 19.6323 19.6321 19.6319 19.6317 19.6314 19.6311 19.6307 19.6303 19.6298 19.6291 19.6284 19.6275 19.6264 19.6251 19.6237 19.6219 19.6199 19.6177 19.6152 19.6124 19.6096 19.6127 19.7174 20.0023 20.4956 21.1435 21.7849 22.2382 22.4653 22.57 22.6044 22.5127 22.2799 22.0453 21.9106 21.8115 21.6984 21.5627 21.3998 21.2689 21.2689 21.2689 21.2689 21.2689 21.2689 21.2689 21.2689 21.2689 21.2689 21.2689 21.2689 21.2689 21.2689 21.2689 21.2689 21.2689 21.2689 21.2689 21.2689 21.2689 21.2689 21.2689 21.2689 21.2689 21.2689 21.2689 21.2689 21.2689 21.2689 21.2689 21.2689 21.2689 21.2689 21.2689 21.2689 21.2689 21.2689 21.2689 21.2689 21.2689 21.2689 21.2689 21.2689 21.2689 21.2689 21.2689 21.2689 21.2689 21.2689 21.2689 21.2689 21.2689 21.2689 21.2689 21.2689 21.2689 21.2689 21.2689 21.2689 21.2689 21.2689 21.2689 21.2689 21.2689 21.2689 21.2689 21.2689 21.2689 
#sigma_Na23_C12
18.8153 18.8103 18.8043 18.7971 18.7884 18.7779 18.7651 18.7497 18.7311 18.7084 18.6809 18.6474 18.6067 18.5571 18.497 18.4244 18.3376 18.236 18.1208 17.9982 17.8833 17.805 17.8093 17.9517 18.2635 18.6952 19.133 19.5615 20.0614 20.7628 21.643 22.5056 23.1195 23.4192 23.5101 23.4548 23.2681 23.0774 22.9711 22.889 22.7937 22.6794 22.5876 22.5876 22.5876 22.5876 22.5876 22.5876 22.5876 22.5876 22.5876 22.5876 22.5876 22.5876 22.5876 22.5876 22.5876 22.5876 22.5876 22.5876 22.5876 22.5876 22.5876 22.5876 22.5876 22.5876 22.5876 22.5876 22.5876 22.5876 22.5876 22.5876 22.5876 22.5876 22.5876 22.5876 22.5876 22.5876 22.5876 22.5876 22.5876 22.5876 22.5876 22.5876 22.5876 22.5876 22.5876 22.5876 22.5876 22.5876 22.5876 22.5876 22.5876 22.5876 22.5876 22.5876 22.5876 22.5876 22.5876 22.5876 22.5876 22.5876 22.5876 22.5876 22.5876 22.5876 22.5876 22.5876 22.5876 22.5876 22.5876 
#sigma_Na23_C13
11.6116 11.6085 11.6048 11.6004 11.595 11.5885 11.5807 11.5712 11.5596 11.5457 11.5287 11.508 11.4829 11.4523 11.4152 11.3704 11.3168 11.2541 11.183 11.1074 11.0365 10.9881 10.9908 11.0786 11.2711 11.5375 11.8077 12.0721 12.3806 12.8135 13.3567 13.889 14.2679 14.4529 14.5089 14.4749 14.3596 14.2419 14.1763 14.1257 14.0669 13.9963 13.9396 13.9396 13.9396 13.9396 13.9396 13.9396 13.9396 13.9396 13.9396 13.9396 13.9396 13.9396 13.9396 13.9396 13.9396 13.9396 13.9396 13.9396 13.9396 13.9396 13.9396 13.9396 13.9396 13.9396 13.9396 13.9396 13.9396 13.9396 13.9396 13.9396 13.9396 13.9396 13.9396 13.9396 13.9396 13.9396 13.9396 13.9396 13.9396 13.9396 13.9396 13.9396 13.9396 13.9396 13.9396 13.9396 13.9396 13.9396 13.9396 13.9396 13.9396 13.9396 13.9396 13.9396 13.9396 13.9396 13.9396 13.9396 13.9396 13.9396 13.9396 13.9396 13.9396 13.9396 13.9396 13.9396 13.9396 13.9396 13.9396 
#sigma_Na23_B10
2.59249 2.59143 2.59015 2.5886 2.58674 2.58449 2.58176 2.57846 2.57447 2.56961 2.56372 2.55654 2.54781 2.53718 2.52429 2.50872 2.49012 2.46832 2.44363 2.41741 2.39288 2.37634 2.37777 2.40917 2.47733 2.57151 2.6591 2.71231 2.75649 2.82987 2.95349 3.12372 3.3101 3.46345 3.54983 3.57776 3.57526 3.5629 3.55498 3.5513 3.5476 3.54318 3.53963 3.53963 3.53963 3.53963 3.53963 3.53963 3.53963 3.53963 3.53963 3.53963 3.53963 3.53963 3.53963 3.53963 3.53963 3.53963 3.53963 3.53963 3.53963 3.53963 3.53963 3.53963 3.53963 3.53963 3.53963 3.53963 3.53963 3.53963 3.53963 3.53963 3.53963 3.53963 3.53963 3.53963 3.53963 3.53963 3.53963 3.53963 3.53963 3.53963 3.53963 3.53963 3.53963 3.53963 3.53963 3.53963 3.53963 3.53963 3.53963 3.53963 3.53963 3.53963 3.53963 3.53963 3.53963 3.53963 3.53963 3.53963 3.53963 3.53963 3.53963 3.53963 3.53963 3.53963 3.53963 3.53963 3.53963 3.53963 3.53963 
#sigma_Na23_B11
6.40802 6.4054 6.40223 6.39841 6.3938 6.38823 6.3815 6.37335 6.36347 6.35148 6.3369 6.31916 6.29758 6.27132 6.23944 6.20096 6.15499 6.1011 6.04008 5.97525 5.91463 5.87374 5.87728 5.95489 6.12336 6.35616 6.57266 6.70419 6.81339 6.99478 7.30032 7.72109 8.18178 8.56081 8.77433 8.84336 8.83718 8.80664 8.78707 8.77796 8.76883 8.7579 8.74912 8.74912 8.74912 8.74912 8.74912 8.74912 8.74912 8.74912 8.74912 8.74912 8.74912 8.74912 8.74912 8.74912 8.74912 8.74912 8.74912 8.74912 8.74912 8.74912 8.74912 8.74912 8.74912 8.74912 8.74912 8.74912 8.74912 8.74912 8.74912 8.74912 8.74912 8.74912 8.74912 8.74912 8.74912 8.74912 8.74912 8.74912 8.74912 8.74912 8.74912 8.74912 8.74912 8.74912 8.74912 8.74912 8.74912 8.74912 8.74912 8.74912 8.74912 8.74912 8.74912 8.74912 8.74912 8.74912 8.74912 8.74912 8.74912 8.74912 8.74912 8.74912 8.74912 8.74912 8.74912 8.74912 8.74912 8.74912 8.74912 
#sigma_Ne22_O16
25.4605 25.4609 25.4613 25.4618 25.4625 25.4633 25.4642 25.4653 25.4667 25.4683 25.4702 25.4726 25.4754 25.4787 25.4827 25.4876 25.4934 25.5003 25.5086 25.5186 25.5304 25.5444 25.5609 25.5801 25.6019 25.6261 25.6513 25.6751 25.6925 25.6947 25.6678 25.5928 25.4487 25.2244 24.9366 24.6399 24.3969 24.2205 24.0672 23.8962 23.692 23.4469 23.2499 23.2499 23.2499 23.2499 23.2499 23.2499 23.2499 23.2499 23.2499 23.2499 23.2499 23.2499 23.2499 23.2499 23.2499 23.2499 23.2499 23.2499 23.2499 23.2499 23.2499 23.2499 23.2499 23.2499 23.2499 23.2499 23.2499 23.2499 23.2499 23.2499 23.2499 23.2499 23.2499 23.2499 23.2499 23.2499 23.2499 23.2499 23.2499 23.2499 23.2499 23.2499 23.2499 23.2499 23.2499 23.2499 23.2499 23.2499 23.2499 23.2499 23.2499 23.2499 23.2499 23.2499 23.2499 23.2499 23.2499 23.2499 23.2499 23.2499 23.2499 23.2499 23.2499 23.2499 23.2499 23.2499 23.2499 23.2499 23.2499 
#sigma_Ne22_O17
19.1153 19.1156 19.116 19.1164 19.1169 19.1174 19.1181 19.119 19.12 19.1212 19.1227 19.1244 19.1265 19.129 19.1321 19.1357 19.14 19.1453 19.1515 19.159 19.1678 19.1784 19.1907 19.2051 19.2215 19.2397 19.2586 19.2765 19.2895 19.2912 19.271 19.2147 19.1065 18.9381 18.722 18.4993 18.3168 18.1844 18.0693 17.9409 17.7876 17.6036 17.4557 17.4557 17.4557 17.4557 17.4557 17.4557 17.4557 17.4557 17.4557 17.4557 17.4557 17.4557 17.4557 17.4557 17.4557 17.4557 17.4557 17.4557 17.4557 17.4557 17.4557 17.4557 17.4557 17.4557 17.4557 17.4557 17.4557 17.4557 17.4557 17.4557 17.4557 17.4557 17.4557 17.4557 17.4557 17.4557 17.4557 17.4557 17.4557 17.4557 17.4557 17.4557 17.4557 17.4557 17.4557 17.4557 17.4557 17.4557 17.4557 17.4557 17.4557 17.4557 17.4557 17.4557 17.4557 17.4557 17.4557 17.4557 17.4557 17.4557 17.4557 17.4557 17.4557 17.4557 17.4557 17.4557 17.4557 17.4557 17.4557 
#sigma_Ne22_O18
15.3052 15.3054 15.3057 15.306 15.3064 15.3068 15.3074 15.3081 15.3089 15.3099 15.311 15.3124 15.3141 15.3161 15.3185 15.3215 15.3249 15.3291 15.3341 15.3401 15.3472 15.3556 15.3655 15.3771 15.3902 15.4047 15.4199 15.4342 15.4446 15.4459 15.4298 15.3847 15.2981 15.1632 14.9903 14.8119 14.6658 14.5598 14.4676 14.3648 14.2421 14.0947 13.9763 13.9763 13.9763 13.9763 13.9763 13.9763 13.9763 13.9763 13.9763 13.9763 13.9763 13.9763 13.9763 13.9763 13.9763 13.9763 13.9763 13.9763 13.9763 13.9763 13.9763 13.9763 13.9763 13.9763 13.9763 13.9763 13.9763 13.9763 13.9763 13.9763 13.9763 13.9763 13.9763 13.9763 13.9763 13.9763 13.9763 13.9763 13.9763 13.9763 13.9763 13.9763 13.9763 13.9763 13.9763 13.9763 13.9763 13.9763 13.9763 13.9763 13.9763 13.9763 13.9763 13.9763 13.9763 13.9763 13.9763 13.9763 13.9763 13.9763 13.9763 13.9763 13.9763 13.9763 13.9763 13.9763 13.9763 13.9763 13.9763 
#sigma_Ne22_N14
10.6124 10.6126 10.6128 10.6131 10.6134 10.6138 10.6143 10.6149 10.6156 10.6165 10.6175 10.6187 10.6202 10.622 10.6242 10.6268 10.63 10.6338 10.6384 10.644 10.6508 10.659 10.6689 10.6808 10.6949 10.7114 10.7301 10.7502 10.7697 10.7844 10.7869 10.766 10.7084 10.6061 10.4685 10.3289 10.2238 10.156 10.0995 10.0358 9.95964 9.86823 9.79477 9.79477 9.79477 9.79477 9.79477 9.79477 9.79477 9.79477 9.79477 9.79477 9.79477 9.79477 9.79477 9.79477 9.79477 9.79477 9.79477 9.79477 9.79477 9.79477 9.79477 9.79477 9.79477 9.79477 9.79477 9.79477 9.79477 9.79477 9.79477 9.79477 9.79477 9.79477 9.79477 9.79477 9.79477 9.79477 9.79477 9.79477 9.79477 9.79477 9.79477 9.79477 9.79477 9.79477 9.79477 9.79477 9.79477 9.79477 9.79477 9.79477 9.79477 9.79477 9.79477 9.79477 9.79477 9.79477 9.79477 9.79477 9.79477 9.79477 9.79477 9.79477 9.79477 9.79477 9.79477 9.79477 9.79477 9.79477 9.79477 
#sigma_Ne22_N15
34.4296 34.4302 34.431 34.4319 34.433 34.4343 34.4359 34.4379 34.4402 34.4429 34.4463 34.4503 34.4551 34.4609 34.468 34.4764 34.4867 34.4991 34.5141 34.5323 34.5544 34.581 34.6131 34.6516 34.6974 34.7509 34.8116 34.8769 34.9401 34.9878 34.9959 34.928 34.7413 34.4092 33.9627 33.51 33.1689 32.9489 32.7656 32.5591 32.3119 32.0154 31.7771 31.7771 31.7771 31.7771 31.7771 31.7771 31.7771 31.7771 31.7771 31.7771 31.7771 31.7771 31.7771 31.7771 31.7771 31.7771 31.7771 31.7771 31.7771 31.7771 31.7771 31.7771 31.7771 31.7771 31.7771 31.7771 31.7771 31.7771 31.7771 31.7771 31.7771 31.7771 31.7771 31.7771 31.7771 31.7771 31.7771 31.7771 31.7771 31.7771 31.7771 31.7771 31.7771 31.7771 31.7771 31.7771 31.7771 31.7771 31.7771 31.7771 31.7771 31.7771 31.7771 31.7771 31.7771 31.7771 31.7771 31.7771 31.7771 31.7771 31.7771 31.7771 31.7771 31.7771 31.7771 31.7771 31.7771 31.7771 31.7771 
#sigma_Ne22_C12
14.5662 14.5661 14.566 14.566 14.5659 14.5657 14.5656 14.5654 14.5652 14.5649 14.5646 14.5642 14.5638 14.5633 14.5626 14.5619 14.561 14.56 14.5588 14.5574 14.5558 14.5539 14.5519 14.5498 14.5512 14.6176 14.7989 15.1131 15.5255 15.9327 16.2181 16.357 16.4165 16.4331 16.3762 16.2373 16.0964 16.0119 15.9464 15.8712 15.781 15.6728 15.5858 15.5858 15.5858 15.5858 15.5858 15.5858 15.5858 15.5858 15.5858 15.5858 15.5858 15.5858 15.5858 15.5858 15.5858 15.5858 15.5858 15.5858 15.5858 15.5858 15.5858 15.5858 15.5858 15.5858 15.5858 15.5858 15.5858 15.5858 15.5858 15.5858 15.5858 15.5858 15.5858 15.5858 15.5858 15.5858 15.5858 15.5858 15.5858 15.5858 15.5858 15.5858 15.5858 15.5858 15.5858 15.5858 15.5858 15.5858 15.5858 15.5858 15.5858 15.5858 15.5858 15.5858 15.5858 15.5858 15.5858 15.5858 15.5858 15.5858 15.5858 15.5858 15.5858 15.5858 15.5858 15.5858 15.5858 15.5858 15.5858 
#sigma_Ne22_C13
15.3423 15.3422 15.3422 15.3421 15.342 15.3418 15.3417 15.3415 15.3412 15.341 15.3406 15.3403 15.3398 15.3392 15.3386 15.3378 15.3369 15.3358 15.3345 15.333 15.3313 15.3294 15.3273 15.325 15.3265 15.3964 15.5874 15.9183 16.3527 16.7816 17.0823 17.2285 17.2912 17.3087 17.2488 17.1025 16.954 16.865 16.7961 16.7169 16.6219 16.5079 16.4163 16.4163 16.4163 16.4163 16.4163 16.4163 16.4163 16.4163 16.4163 16.4163 16.4163 16.4163 16.4163 16.4163 16.4163 16.4163 16.4163 16.4163 16.4163 16.4163 16.4163 16.4163 16.4163 16.4163 16.4163 16.4163 16.4163 16.4163 16.4163 16.4163 16.4163 16.4163 16.4163 16.4163 16.4163 16.4163 16.4163 16.4163 16.4163 16.4163 16.4163 16.4163 16.4163 16.4163 16.4163 16.4163 16.4163 16.4163 16.4163 16.4163 16.4163 16.4163 16.4163 16.4163 16.4163 16.4163 16.4163 16.4163 16.4163 16.4163 16.4163 16.4163 16.4163 16.4163 16.4163 16.4163 16.4163 16.4163 16.4163 
#sigma_Ne20_O16
42.6703 42.6709 42.6717 42.6726 42.6737 42.675 42.6765 42.6784 42.6807 42.6834 42.6866 42.6905 42.6952 42.7008 42.7076 42.7157 42.7254 42.7371 42.751 42.7676 42.7875 42.811 42.8386 42.8707 42.9073 42.9478 42.9901 43.03 43.0591 43.0628 43.0178 42.892 42.6506 42.2746 41.7924 41.295 40.8878 40.5921 40.3352 40.0487 39.7064 39.2957 38.9656 38.9656 38.9656 38.9656 38.9656 38.9656 38.9656 38.9656 38.9656 38.9656 38.9656 38.9656 38.9656 38.9656 38.9656 38.9656 38.9656 38.9656 38.9656 38.9656 38.9656 38.9656 38.9656 38.9656 38.9656 38.9656 38.9656 38.9656 38.9656 38.9656 38.9656 38.9656 38.9656 38.9656 38.9656 38.9656 38.9656 38.9656 38.9656 38.9656 38.9656 38.9656 38.9656 38.9656 38.9656 38.9656 38.9656 38.9656 38.9656 38.9656 38.9656 38.9656 38.9656 38.9656 38.9656 38.9656 38.9656 38.9656 38.9656 38.9656 38.9656 38.9656 38.9656 38.9656 38.9656 38.9656 38.9656 38.9656 38.9656 
#sigma_Ne20_O17
12.5222 12.5223 12.5226 12.5228 12.5231 12.5235 12.524 12.5245 12.5252 12.526 12.5269 12.5281 12.5295 12.5311 12.5331 12.5355 12.5383 12.5417 12.5458 12.5507 12.5565 12.5634 12.5715 12.581 12.5917 12.6036 12.616 12.6277 12.6363 12.6373 12.6241 12.5872 12.5164 12.406 12.2645 12.1186 11.999 11.9123 11.8369 11.7528 11.6524 11.5318 11.4349 11.4349 11.4349 11.4349 11.4349 11.4349 11.4349 11.4349 11.4349 11.4349 11.4349 11.4349 11.4349 11.4349 11.4349 11.4349 11.4349 11.4349 11.4349 11.4349 11.4349 11.4349 11.4349 11.4349 11.4349 11.4349 11.4349 11.4349 11.4349 11.4349 11.4349 11.4349 11.4349 11.4349 11.4349 11.4349 11.4349 11.4349 11.4349 11.4349 11.4349 11.4349 11.4349 11.4349 11.4349 11.4349 11.4349 11.4349 11.4349 11.4349 11.4349 11.4349 11.4349 11.4349 11.4349 11.4349 11.4349 11.4349 11.4349 11.4349 11.4349 11.4349 11.4349 11.4349 11.4349 11.4349 11.4349 11.4349 11.4349 
#sigma_Ne20_O18
3.48649 3.48654 3.4866 3.48667 3.48676 3.48687 3.487 3.48715 3.48734 3.48756 3.48782 3.48814 3.48852 3.48898 3.48954 3.4902 3.49099 3.49194 3.49308 3.49444 3.49606 3.49798 3.50024 3.50286 3.50586 3.50916 3.51262 3.51588 3.51826 3.51856 3.51488 3.50461 3.48487 3.45415 3.41475 3.37412 3.34084 3.31668 3.2957 3.27228 3.24431 3.21076 3.18378 3.18378 3.18378 3.18378 3.18378 3.18378 3.18378 3.18378 3.18378 3.18378 3.18378 3.18378 3.18378 3.18378 3.18378 3.18378 3.18378 3.18378 3.18378 3.18378 3.18378 3.18378 3.18378 3.18378 3.18378 3.18378 3.18378 3.18378 3.18378 3.18378 3.18378 3.18378 3.18378 3.18378 3.18378 3.18378 3.18378 3.18378 3.18378 3.18378 3.18378 3.18378 3.18378 3.18378 3.18378 3.18378 3.18378 3.18378 3.18378 3.18378 3.18378 3.18378 3.18378 3.18378 3.18378 3.18378 3.18378 3.18378 3.18378 3.18378 3.18378 3.18378 3.18378 3.18378 3.18378 3.18378 3.18378 3.18378 3.18378 
#sigma_Ne20_N14
26.4695 26.47 26.4706 26.4713 26.4721 26.4731 26.4743 26.4758 26.4776 26.4797 26.4823 26.4854 26.4891 26.4936 26.499 26.5055 26.5134 26.5229 26.5345 26.5484 26.5654 26.5859 26.6105 26.6402 26.6754 26.7165 26.7632 26.8133 26.8619 26.8986 26.9048 26.8527 26.7091 26.4538 26.1105 25.7625 25.5002 25.3311 25.1901 25.0314 24.8414 24.6134 24.4302 24.4302 24.4302 24.4302 24.4302 24.4302 24.4302 24.4302 24.4302 24.4302 24.4302 24.4302 24.4302 24.4302 24.4302 24.4302 24.4302 24.4302 24.4302 24.4302 24.4302 24.4302 24.4302 24.4302 24.4302 24.4302 24.4302 24.4302 24.4302 24.4302 24.4302 24.4302 24.4302 24.4302 24.4302 24.4302 24.4302 24.4302 24.4302 24.4302 24.4302 24.4302 24.4302 24.4302 24.4302 24.4302 24.4302 24.4302 24.4302 24.4302 24.4302 24.4302 24.4302 24.4302 24.4302 24.4302 24.4302 24.4302 24.4302 24.4302 24.4302 24.4302 24.4302 24.4302 24.4302 24.4302 24.4302 24.4302 24.4302 
#sigma_Ne20_N15
25.2177 25.2182 25.2188 25.2194 25.2202 25.2212 25.2224 25.2238 25.2255 25.2275 25.2299 25.2329 25.2364 25.2407 25.2458 25.252 25.2596 25.2687 25.2797 25.293 25.3091 25.3286 25.3521 25.3804 25.4139 25.4531 25.4975 25.5453 25.5916 25.6266 25.6325 25.5828 25.446 25.2028 24.8757 24.5442 24.2943 24.1332 23.9989 23.8477 23.6667 23.4495 23.2749 23.2749 23.2749 23.2749 23.2749 23.2749 23.2749 23.2749 23.2749 23.2749 23.2749 23.2749 23.2749 23.2749 23.2749 23.2749 23.2749 23.2749 23.2749 23.2749 23.2749 23.2749 23.2749 23.2749 23.2749 23.2749 23.2749 23.2749 23.2749 23.2749 23.2749 23.2749 23.2749 23.2749 23.2749 23.2749 23.2749 23.2749 23.2749 23.2749 23.2749 23.2749 23.2749 23.2749 23.2749 23.2749 23.2749 23.2749 23.2749 23.2749 23.2749 23.2749 23.2749 23.2749 23.2749 23.2749 23.2749 23.2749 23.2749 23.2749 23.2749 23.2749 23.2749 23.2749 23.2749 23.2749 23.2749 23.2749 23.2749 
#sigma_Ne20_C12
29.3585 29.3584 29.3582 29.3581 29.3578 29.3576 29.3573 29.3569 29.3565 29.356 29.3553 29.3546 29.3537 29.3526 29.3514 29.3499 29.3481 29.346 29.3436 29.3408 29.3375 29.3338 29.3297 29.3254 29.3283 29.4621 29.8275 30.4608 31.292 32.1127 32.688 32.968 33.0879 33.1214 33.0067 32.7268 32.4426 32.2723 32.1404 31.9888 31.8071 31.5889 31.4136 31.4136 31.4136 31.4136 31.4136 31.4136 31.4136 31.4136 31.4136 31.4136 31.4136 31.4136 31.4136 31.4136 31.4136 31.4136 31.4136 31.4136 31.4136 31.4136 31.4136 31.4136 31.4136 31.4136 31.4136 31.4136 31.4136 31.4136 31.4136 31.4136 31.4136 31.4136 31.4136 31.4136 31.4136 31.4136 31.4136 31.4136 31.4136 31.4136 31.4136 31.4136 31.4136 31.4136 31.4136 31.4136 31.4136 31.4136 31.4136 31.4136 31.4136 31.4136 31.4136 31.4136 31.4136 31.4136 31.4136 31.4136 31.4136 31.4136 31.4136 31.4136 31.4136 31.4136 31.4136 31.4136 31.4136 31.4136 31.4136 
#sigma_Ne20_C13
13.9621 13.9621 13.962 13.9619 13.9618 13.9617 13.9616 13.9614 13.9612 13.9609 13.9606 13.9603 13.9599 13.9594 13.9588 13.958 13.9572 13.9562 13.9551 13.9537 13.9522 13.9504 13.9485 13.9464 13.9478 14.0114 14.1852 14.4863 14.8817 15.272 15.5456 15.6787 15.7357 15.7517 15.6971 15.564 15.4289 15.3479 15.2851 15.2131 15.1266 15.0229 14.9395 14.9395 14.9395 14.9395 14.9395 14.9395 14.9395 14.9395 14.9395 14.9395 14.9395 14.9395 14.9395 14.9395 14.9395 14.9395 14.9395 14.9395 14.9395 14.9395 14.9395 14.9395 14.9395 14.9395 14.9395 14.9395 14.9395 14.9395 14.9395 14.9395 14.9395 14.9395 14.9395 14.9395 14.9395 14.9395 14.9395 14.9395 14.9395 14.9395 14.9395 14.9395 14.9395 14.9395 14.9395 14.9395 14.9395 14.9395 14.9395 14.9395 14.9395 14.9395 14.9395 14.9395 14.9395 14.9395 14.9395 14.9395 14.9395 14.9395 14.9395 14.9395 14.9395 14.9395 14.9395 14.9395 14.9395 14.9395 14.9395 
