#AMS2016nonformalrigidity(0000/00)
1.08000e+00 5.94000e-03 1.43265e-03
1.24500e+00 5.57000e-03 8.50000e-04
1.42000e+00 9.75000e-03 9.61665e-04
1.61000e+00 1.06000e-02 8.60233e-04
1.81500e+00 1.25000e-02 9.43398e-04
2.03500e+00 1.40000e-02 9.43398e-04
2.27500e+00 1.50000e-02 1.02956e-03
2.53500e+00 1.64000e-02 9.84886e-04
2.82000e+00 1.64000e-02 9.84886e-04
3.13000e+00 1.69000e-02 9.84886e-04
3.46500e+00 1.67000e-02 9.48683e-04
3.83000e+00 1.59000e-02 8.54400e-04
4.22500e+00 1.56000e-02 8.94427e-04
4.65500e+00 1.43000e-02 7.61577e-04
5.12500e+00 1.23000e-02 6.32456e-04
5.63500e+00 1.12000e-02 5.38516e-04
6.18500e+00 9.80000e-03 4.68402e-04
6.78000e+00 8.69000e-03 4.05216e-04
7.42500e+00 7.59000e-03 3.51710e-04
8.12000e+00 6.54000e-03 3.00832e-04
8.87000e+00 5.46000e-03 2.47386e-04
9.68000e+00 4.67000e-03 2.02237e-04
1.05500e+01 3.96000e-03 1.72627e-04
1.15000e+01 3.23000e-03 1.41421e-04
1.25000e+01 2.65000e-03 1.11803e-04
1.35500e+01 2.23000e-03 9.21954e-05
1.47000e+01 1.85000e-03 8.24621e-05
1.59500e+01 1.49000e-03 6.08276e-05
1.73000e+01 1.19000e-03 5.09902e-05
1.87500e+01 9.53000e-04 3.78550e-05
2.03000e+01 7.72000e-04 2.98329e-05
2.19500e+01 6.33000e-04 2.37697e-05
2.37500e+01 5.02000e-04 1.86815e-05
2.57000e+01 4.11000e-04 1.45602e-05
2.77500e+01 3.32000e-04 1.17047e-05
2.99500e+01 2.68000e-04 8.54400e-06
3.23000e+01 2.07000e-04 6.70820e-06
3.48000e+01 1.75000e-04 5.38516e-06
3.75000e+01 1.40000e-04 4.47214e-06
4.04000e+01 1.10000e-04 3.60555e-06
4.35000e+01 8.78000e-05 3.28024e-06
4.68000e+01 7.05000e-05 2.76586e-06
5.03500e+01 5.89000e-05 2.33452e-06
5.41500e+01 4.82000e-05 1.97990e-06
5.82000e+01 3.99000e-05 1.76918e-06
6.25500e+01 3.09000e-05 1.48661e-06
6.72500e+01 2.43000e-05 1.20416e-06
7.23000e+01 2.06000e-05 1.06301e-06
7.77000e+01 1.78000e-05 1.06301e-06
8.67500e+01 1.22000e-05 6.40312e-07
1.00500e+02 7.86000e-06 4.87955e-07
1.16500e+02 5.09000e-06 3.76431e-07
1.36000e+02 3.39000e-06 2.94109e-07
1.61000e+02 2.08000e-06 2.33238e-07
1.93000e+02 1.33000e-06 2.19545e-07
2.35000e+02 9.11000e-07 1.69744e-07
3.54500e+02 2.13000e-07 5.86686e-08
#AMS2016nonformal(0000/00)
4.92376e-01 7.86857e-03 1.89780e-03
6.20695e-01 6.97466e-03 1.06436e-03
7.63713e-01 1.16862e-02 1.15263e-03
9.25180e-01 1.22687e-02 9.95654e-04
1.10491e+00 1.40715e-02 1.06200e-03
1.30262e+00 1.54164e-02 1.03885e-03
1.52262e+00 1.62256e-02 1.11369e-03
1.76480e+00 1.74873e-02 1.05018e-03
2.03372e+00 1.72839e-02 1.03797e-03
2.32933e+00 1.76430e-02 1.02819e-03
2.65152e+00 1.73014e-02 9.82849e-04
3.00498e+00 1.63702e-02 8.79665e-04
3.38966e+00 1.59800e-02 9.16217e-04
3.81035e+00 1.45876e-02 7.76894e-04
4.27191e+00 1.25044e-02 6.42967e-04
4.77431e+00 1.13542e-02 5.45931e-04
5.31749e+00 9.91212e-03 4.73761e-04
5.90634e+00 8.77282e-03 4.09078e-04
6.54578e+00 7.65036e-03 3.54507e-04
7.23576e+00 6.58352e-03 3.02834e-04
7.98122e+00 5.49046e-03 2.48767e-04
8.78709e+00 4.69189e-03 2.03185e-04
9.65337e+00 3.97563e-03 1.73308e-04
1.05999e+01 3.24073e-03 1.41891e-04
1.15969e+01 2.65745e-03 1.12118e-04
1.26442e+01 2.23534e-03 9.24162e-05
1.37916e+01 1.85376e-03 8.26299e-05
1.50393e+01 1.49258e-03 6.09328e-05
1.63872e+01 1.19175e-03 5.10651e-05
1.78352e+01 9.54192e-04 3.79024e-05
1.93834e+01 7.72824e-04 2.98647e-05
2.10318e+01 6.33578e-04 2.37914e-05
2.28303e+01 5.02392e-04 1.86961e-05
2.47788e+01 4.11274e-04 1.45699e-05
2.68276e+01 3.32190e-04 1.17114e-05
2.90264e+01 2.68131e-04 8.54820e-06
3.13754e+01 2.07087e-04 6.71103e-06
3.38744e+01 1.75064e-04 5.38712e-06
3.65735e+01 1.40044e-04 4.47354e-06
3.94726e+01 1.10030e-04 3.60652e-06
4.25718e+01 8.78204e-05 3.28101e-06
4.58711e+01 7.05142e-05 2.76642e-06
4.94205e+01 5.89102e-05 2.33493e-06
5.32199e+01 4.82072e-05 1.98020e-06
5.72693e+01 3.99052e-05 1.76941e-06
6.16188e+01 3.09035e-05 1.48677e-06
6.63183e+01 2.43024e-05 1.20428e-06
7.13678e+01 2.06017e-05 1.06310e-06
7.67674e+01 1.78013e-05 1.06309e-06
8.58168e+01 1.22007e-05 6.40350e-07
9.95661e+01 7.86034e-06 4.87976e-07
1.15566e+02 5.09017e-06 3.76443e-07
1.35065e+02 3.39008e-06 2.94116e-07
1.60064e+02 2.08004e-06 2.33242e-07
1.92064e+02 1.33002e-06 2.19548e-07
2.34064e+02 9.11007e-07 1.69745e-07
3.53563e+02 2.13001e-07 5.86688e-08
# PAMELA(2006/07-2008/12)
2.80000e-01  6.70000e-03  2.70740e-03
5.60000e-01  1.53000e-02  5.68085e-03
8.10000e-01  1.72000e-02  5.76674e-03
1.07000e+00  2.14000e-02  5.51706e-03
1.34000e+00  2.45000e-02  5.95435e-03
1.61000e+00  2.05000e-02  3.41760e-03
2.03000e+00  2.71000e-02  3.66742e-03
2.42000e+00  2.19000e-02  2.90689e-03
2.90000e+00  2.27000e-02  2.81780e-03
3.47000e+00  1.78000e-02  2.14709e-03
4.14000e+00  1.57000e-02  1.83576e-03
4.93000e+00  1.11000e-02  1.30384e-03
5.90000e+00  8.31000e-03  9.89798e-04
7.00000e+00  5.56000e-03  7.20069e-04
8.40000e+00  5.16000e-03  6.44127e-04
1.01000e+01  3.70000e-03  4.39090e-04
1.23000e+01  2.12000e-03  2.86356e-04
1.53000e+01  1.39000e-03  2.06155e-04
1.96000e+01  6.70000e-04  1.07703e-04
2.62000e+01  2.51000e-04  4.36578e-05
3.80000e+01  1.27000e-04  2.40416e-05
6.74000e+01  2.28000e-05  7.24431e-06
1.28000e+02  3.60000e-06  3.85674e-06
