#AMS2017lithiumrigidity(0000/00)
2.035 0.2422 0.0193
2.275 0.2536 0.0182
2.535 0.2541 0.017
2.82 0.2454 0.0156
3.13 0.2297 0.014
3.465 0.2075 0.0125
3.83 0.1835 0.0109
4.225 0.1608 0.0095
4.655 0.1383 0.0083
5.125 0.1178 0.0071
5.635 0.09898 0.00596
6.185 0.08217 0.00499
6.78 0.06803 0.00416
7.425 0.05558 0.00343
8.12 0.04519 0.00279
8.87 0.03667 0.00228
9.68 0.02965 0.00186
10.55 0.0238 0.00152
11.5 0.01892 0.00121
12.5 0.01537 0.001
13.55 0.01227 0.0008
14.7 0.009926 0.000648
15.95 0.00791 0.00052
17.3 0.00625 0.000414
18.75 0.004998 0.000332
20.3 0.003975 0.000266
21.95 0.003187 0.000215
23.75 0.002542 0.000172
25.7 0.002005 0.000136
27.75 0.001605 0.00011
29.95 0.001293 8.8e-5
32.3 0.001019 7.0e-5
34.8 0.0008109 5.67e-5
37.5 0.0006436 4.53e-5
40.4 0.0005191 3.71e-5
43.5 0.0004119 2.99e-5
46.8 0.0003342 2.45e-5
50.35 0.0002575 1.92e-5
54.15 0.0002083 1.6e-5
58.2 0.000166 1.3e-5
62.55 0.0001353 1.07e-5
67.25 0.000106 8.5e-6
72.3 8.543e-5 7.06e-6
77.7 6.674e-5 5.67e-6
83.5 5.332e-5 4.65e-6
89.75 4.384e-5 3.91e-6
96.5 3.307e-5 3.05e-6
104.0 2.681e-5 2.52e-6
112.0 2.03e-5 2.01e-6
120.5 1.602e-5 1.63e-6
130.0 1.291e-5 1.35e-6
141.0 1.07e-5 1.14e-6
153.5 8.319e-6 9.17e-7
167.5 6.4e-6 7.32e-7
183.5 4.666e-6 5.61e-7
201.5 3.46e-6 4.38e-7
222.0 2.542e-6 3.39e-7
246.0 2.065e-6 2.84e-7
275.0 1.278e-6 1.92e-7
310.5 9.324e-7 1.476e-7
354.5 7.162e-7 1.188e-7
410.0 4.97e-7 8.88e-8
483.0 2.203e-7 4.62e-8
592.5 1.573e-7 3.49e-8
770.0 7.162e-8 1.907e-8
1090.0 2.742e-8 9.28e-9
2300.0 5.2e-9 2.74e-9
#AMS2017berylliumrigidity(0000/00)
2.035 0.1343 0.0115
2.275 0.1343 0.0107
2.535 0.1268 0.0096
2.82 0.1205 0.0088
3.13 0.1128 0.0079
3.465 0.1003 0.0068
3.83 0.08879 0.00586
4.225 0.07661 0.00503
4.655 0.06578 0.00429
5.125 0.05613 0.00365
5.635 0.04661 0.00303
6.185 0.03879 0.00253
6.78 0.0319 0.0021
7.425 0.02597 0.0017
8.12 0.0208 0.00138
8.87 0.01704 0.00114
9.68 0.01381 0.00093
10.55 0.01108 0.00074
11.5 0.008755 0.000593
12.5 0.007209 0.000491
13.55 0.005778 0.000398
14.7 0.004626 0.000321
15.95 0.003717 0.00026
17.3 0.00303 0.000212
18.75 0.002385 0.000168
20.3 0.001932 0.000139
21.95 0.00156 0.000111
23.75 0.00123 8.9e-5
25.7 0.0009664 7.02e-5
27.75 0.0007775 5.71e-5
29.95 0.0006284 4.63e-5
32.3 0.0005114 3.83e-5
34.8 0.0004045 3.07e-5
37.5 0.0003259 2.52e-5
40.4 0.0002608 2.04e-5
43.5 0.0002035 1.64e-5
46.8 0.000167 1.37e-5
50.35 0.0001321 1.1e-5
54.15 0.0001057 9.1e-6
58.2 8.505e-5 7.5e-6
62.55 6.925e-5 6.23e-6
67.25 5.271e-5 4.94e-6
72.3 4.422e-5 4.21e-6
77.7 3.349e-5 3.34e-6
83.5 2.813e-5 2.87e-6
89.75 2.365e-5 2.46e-6
96.5 1.826e-5 1.98e-6
104.0 1.402e-5 1.58e-6
112.0 1.13e-5 1.34e-6
120.5 8.855e-6 1.087e-6
130.0 6.307e-6 8.26e-7
141.0 5.607e-6 7.29e-7
153.5 3.874e-6 5.44e-7
167.5 3.308e-6 4.71e-7
183.5 2.152e-6 3.37e-7
201.5 1.595e-6 2.64e-7
222.0 1.443e-6 2.38e-7
246.0 1.015e-6 1.81e-7
275.0 7.463e-7 1.395e-7
310.5 4.781e-7 9.82e-8
354.5 3.076e-7 6.94e-8
410.0 2.394e-7 5.66e-8
483.0 1.231e-7 3.4e-8
592.5 7.74e-8 2.349e-8
770.0 3.603e-8 1.344e-8
1090.0 1.25e-8 6.27e-9
2300.0 1.4e-9 1.24e-9
#AMS2017boronrigidity(0000/00)
2.035 0.413 0.0555
2.275 0.4254 0.05
2.535 0.4223 0.044
2.82 0.3936 0.0367
3.13 0.357 0.0301
3.465 0.3184 0.0247
3.83 0.2795 0.0203
4.225 0.2411 0.0165
4.655 0.2025 0.0133
5.125 0.1715 0.0108
5.635 0.1417 0.0087
6.185 0.1165 0.0069
6.78 0.09528 0.00567
7.425 0.0771 0.00455
8.12 0.0624 0.00365
8.87 0.05047 0.00293
9.68 0.04057 0.00235
10.55 0.03282 0.00191
11.5 0.02606 0.00152
12.5 0.02105 0.00123
13.55 0.01688 0.001
14.7 0.01356 0.00081
15.95 0.01091 0.00065
17.3 0.008596 0.000512
18.75 0.006975 0.000417
20.3 0.005537 0.000334
21.95 0.004408 0.000266
23.75 0.003513 0.000213
25.7 0.002811 0.000173
27.75 0.002271 0.000141
29.95 0.001763 0.000109
32.3 0.001405 9.0e-5
34.8 0.00114 7.3e-5
37.5 0.000903 5.88e-5
40.4 0.0007065 4.72e-5
43.5 0.0005715 3.87e-5
46.8 0.000467 3.21e-5
50.35 0.0003626 2.57e-5
54.15 0.0002937 2.12e-5
58.2 0.0002342 1.73e-5
62.55 0.0001857 1.41e-5
67.25 0.0001479 1.15e-5
72.3 0.0001182 9.5e-6
77.7 9.654e-5 7.94e-6
83.5 7.699e-5 6.52e-6
89.75 6.299e-5 5.47e-6
96.5 4.854e-5 4.39e-6
104.0 3.787e-5 3.56e-6
112.0 2.965e-5 2.92e-6
120.5 2.529e-5 2.53e-6
130.0 1.883e-5 1.97e-6
141.0 1.48e-5 1.59e-6
153.5 1.082e-5 1.25e-6
167.5 8.733e-6 1.028e-6
183.5 7.006e-6 8.51e-7
201.5 5.078e-6 6.56e-7
222.0 3.805e-6 5.2e-7
246.0 2.858e-6 4.11e-7
275.0 1.855e-6 2.93e-7
310.5 1.423e-6 2.34e-7
354.5 8.869e-7 1.613e-7
410.0 6.014e-7 1.176e-7
483.0 3.866e-7 8.33e-8
592.5 2.313e-7 5.53e-8
770.0 1.008e-7 2.93e-8
1090.0 4.419e-8 1.613e-8
2300.0 5.27e-9 3.07e-9
